-4.5401 -77.1072 0.0005
-4.5401 -77.1071 0.0005
-4.5401 -77.1071 0.0005
-4.5401 -77.1071 0.0005
-4.5401 -77.1071 0.0005
-4.5401 -77.1071 0.0005
-4.5401 -77.1072 0.0005
-4.5401 -77.1072 0.0005
-4.5401 -77.1072 0.0005
-4.5401 -77.1071 0.0005
-4.5401 -77.1071 0.0005
-4.5401 -77.1071 0.0005
-4.5401 -77.1072 0.0005
-4.5401 -77.1072 0.0005
-4.5401 -77.1071 0.0005
-4.5401 -77.1071 0.0005
-4.5401 -77.1071 0.0005
-4.5401 -77.1071 0.0005
-4.5401 -77.1071 0.0005
-4.5401 -77.1071 0.0005
-4.5407 -77.1068 0.0005
-4.5427 -77.1053 0.0005
-4.5544 -77.0951 0.0005
-4.6853 -76.9797 0.0005
-4.9717 -76.7277 0.0005
-5.5248 -76.2053 0.0005
-6.0762 -75.6047 0.0005
-6.6711 -75.0060 0.0004
-7.2500 -74.3851 0.0004
-8.1088 -73.3497 0.0004
-8.8380 -72.4965 0.0004
-9.6541 -71.4370 0.0004
-10.4663 -70.4475 0.0004
-11.2723 -69.3788 0.0004
-12.2304 -68.1902 0.0004
-13.2085 -66.9431 0.0004
-13.9436 -66.0303 0.0004
-14.6196 -65.1846 0.0004
-15.6632 -63.9345 0.0003
-16.6502 -62.8979 0.0003
-17.5902 -61.8569 0.0003
-18.6237 -60.8269 0.0003
-19.7273 -59.8287 0.0003
-20.5218 -59.2592 0.0003
-21.5635 -58.5397 0.0003
-22.7639 -57.7531 0.0003
-23.8194 -57.0008 0.0003
-25.0867 -56.1678 0.0003
-25.9004 -55.7153 0.0003
-27.0324 -55.1943 0.0003
-28.2288 -54.6708 0.0003
-29.4886 -54.2241 0.0003
-30.6452 -53.7636 0.0003
-31.8002 -53.3197 0.0003
-33.2105 -52.7790 0.0003
-34.6176 -52.3787 0.0003
-36.1181 -51.9464 0.0003
-37.3983 -51.5298 0.0003
-38.5833 -51.1389 0.0003
-40.0772 -50.6363 0.0003
-41.4671 -50.1381 0.0003
-42.7338 -49.5641 0.0003
-44.1709 -48.7879 0.0003
-45.0999 -48.1102 0.0003
-45.8836 -47.3718 0.0003
-46.9134 -46.3643 0.0003
-47.8567 -45.5608 0.0003
-48.7977 -44.7001 0.0003
-49.6251 -43.8726 0.0003
-50.3315 -43.0852 0.0003
-51.0588 -42.0237 0.0003
-51.5473 -41.0047 0.0003
-52.0249 -39.9499 0.0003
-52.7092 -38.7437 0.0003
-53.2209 -37.8908 0.0003
-53.7053 -36.9179 0.0003
-54.1437 -35.6166 0.0003
-54.3456 -34.2735 0.0003
-54.3083 -33.1372 0.0003
-54.1490 -32.2114 0.0003
-53.7884 -31.0510 0.0003
-53.4444 -30.0758 0.0003
-53.1686 -29.1080 0.0003
-53.0385 -27.9982 0.0003
-52.9383 -27.2049 0.0003
-52.8197 -26.3785 0.0003
-52.6516 -25.1581 0.0003
-52.4677 -23.7944 0.0003
-52.2830 -22.4299 0.0003
-52.1824 -21.2031 0.0002
-52.1101 -20.0584 0.0002
-52.0171 -18.6186 0.0002
-52.0756 -17.2810 0.0002
-52.3345 -15.8918 0.0002
-52.6060 -14.8347 0.0002
-52.9669 -13.8605 0.0002
-53.4661 -12.5923 0.0002
-53.8567 -11.4029 0.0002
-54.2641 -10.0498 0.0002
-54.8057 -8.6545 0.0002
-55.2643 -7.8058 0.0002
-55.8526 -6.7612 0.0002
-56.4996 -5.6445 0.0003
-57.0866 -4.5788 0.0003
-57.7655 -3.5748 0.0003
-58.3865 -2.7209 0.0003
-58.9352 -1.8617 0.0003
-59.7007 -0.6656 0.0003
-60.5076 0.4089 0.0003
-61.5890 1.5741 0.0003
-62.4739 2.6069 0.0003
-63.2206 3.5368 0.0003
-64.3037 4.9021 0.0003
-65.4301 6.3212 0.0003
-66.6764 7.8878 0.0004
-67.7926 9.2921 0.0004
-68.9437 10.7416 0.0004
-70.4399 12.6801 0.0004
-71.7777 14.3929 0.0004
-73.2949 16.4043 0.0004
-74.2857 17.7902 0.0005
-75.4415 19.3567 0.0005
-76.8593 21.2913 0.0005
-78.3608 23.2811 0.0005
-79.5652 24.8576 0.0005
-80.8241 26.5258 0.0006
-82.2972 28.6777 0.0006
-83.7068 30.7102 0.0006
-85.1288 32.8370 0.0007
-86.3307 34.9779 0.0007
-87.3690 36.7409 0.0007
-88.4312 38.5158 0.0007
-89.7039 40.6518 0.0008
-90.7459 42.6286 0.0008
-92.0314 44.9887 0.0008
-93.0259 46.8811 0.0009
-93.7702 48.6721 0.0009
-94.4778 50.5352 0.0009
-95.3052 52.6324 0.0009
-96.1506 54.7442 0.0010
-97.0326 57.0355 0.0010
-97.5915 58.9480 0.0010
-98.1312 60.9159 0.0010
-98.7339 63.3405 0.0011
-99.2306 65.3220 0.0011
-99.7251 67.5507 0.0011
-100.2135 69.8283 0.0012
-100.5752 72.1729 0.0012
-101.0013 74.6146 0.0012
-101.2441 76.3867 0.0013
-101.3476 78.6342 0.0013
-101.4193 80.7967 0.0013
-101.4351 83.0213 0.0013
-101.4995 85.2352 0.0014
-101.5619 87.4142 0.0014
-101.5872 90.0499 0.0014
-101.4603 91.6604 0.0015
-101.2724 93.6129 0.0015
-101.1365 95.6454 0.0015
-101.0558 98.0150 0.0016
-100.9858 100.0642 0.0016
-100.8571 102.0066 0.0016
-100.6083 103.7407 0.0016
-100.2536 106.1467 0.0017
-99.9839 108.2765 0.0017
-99.6060 110.5465 0.0017
-99.3201 112.4441 0.0018
-98.9877 114.2769 0.0018
-98.5121 116.6284 0.0018
-98.0435 118.5418 0.0019
-97.4623 120.5948 0.0019
-96.9064 122.3586 0.0019
-96.2467 124.6253 0.0019
-95.5687 126.7778 0.0020
-95.0029 128.4432 0.0020
-94.2647 130.1294 0.0020
-93.2814 132.3695 0.0021
-92.3666 134.2536 0.0021
-91.4038 136.1999 0.0021
-90.4447 137.8943 0.0021
-89.4655 139.7191 0.0022
-88.5684 141.2728 0.0022
-87.7693 142.7047 0.0022
-86.6042 144.5687 0.0022
-85.5283 146.1406 0.0023
-84.3278 147.6364 0.0023
-83.0704 149.2970 0.0023
-81.8727 150.8181 0.0023
-80.9163 152.0689 0.0023
-80.0176 153.2398 0.0023
-78.6219 154.9547 0.0024
-77.4110 156.4633 0.0024
-76.0694 157.9072 0.0024
-74.7831 159.2853 0.0024
-73.4193 160.7593 0.0025
-72.2248 161.9200 0.0025
-71.0218 163.1545 0.0025
-69.6873 164.4463 0.0025
-68.4313 165.6854 0.0025
-66.9851 167.1006 0.0025
-65.4029 168.5428 0.0026
-63.8428 169.9719 0.0026
-62.7486 170.8524 0.0026
-61.2837 171.9849 0.0026
-59.7237 173.0369 0.0026
-58.2050 174.1199 0.0026
-56.6445 175.2482 0.0027
-55.0945 176.3228 0.0027
-53.5400 177.3743 0.0027
-52.3156 178.2145 0.0027
-50.8152 179.1406 0.0027
-49.3354 180.0376 0.0027
-47.7388 180.9683 0.0028
-45.9450 181.9106 0.0028
-44.7058 182.5210 0.0028
-43.3609 183.1108 0.0028
-41.6556 183.9254 0.0028
-40.1539 184.5941 0.0028
-38.4141 185.3745 0.0028
-36.6853 186.1374 0.0028
-34.8442 186.8505 0.0028
-33.0135 187.5574 0.0029
-31.5663 188.1227 0.0029
-30.1443 188.6863 0.0029
-28.3457 189.4021 0.0029
-26.4638 190.1867 0.0029
-24.6629 190.9775 0.0029
-23.3027 191.6873 0.0029
-21.9946 192.4371 0.0029
-20.2450 193.5753 0.0030
-18.7823 194.4561 0.0030
-17.2661 195.4040 0.0030
-15.4848 196.5482 0.0031
-13.9675 197.7373 0.0031
-12.7784 198.8089 0.0031
-11.7557 199.8166 0.0032
-10.3117 201.3336 0.0032
-9.0375 202.5581 0.0032
-7.6185 203.9135 0.0033
-6.2572 205.3627 0.0033
-4.9659 206.7714 0.0034
-3.8696 207.9805 0.0034
-2.9038 209.1839 0.0034
-1.7231 210.7942 0.0035
-0.7707 212.2651 0.0035
0.4537 214.0029 0.0036
1.1930 215.1878 0.0036
2.0042 216.5156 0.0037
2.8888 218.1842 0.0037
3.6046 219.5931 0.0038
4.2992 221.0438 0.0038
5.0746 222.8354 0.0039
5.6134 224.1254 0.0040
6.1450 225.5381 0.0040
6.7200 227.0922 0.0041
7.2839 228.6071 0.0041
7.7503 230.1560 0.0042
8.1133 231.7111 0.0042
8.3216 233.3174 0.0043
8.6272 235.0619 0.0044
8.8739 236.2835 0.0044
9.2092 237.9768 0.0045
9.5066 239.7120 0.0045
9.8328 241.6146 0.0046
10.0760 243.2699 0.0047
10.2402 245.2544 0.0047
10.3488 246.5944 0.0048
10.4978 248.0353 0.0048
10.5517 249.9023 0.0049
10.4125 251.6943 0.0050
10.3284 253.2423 0.0051
10.2678 254.5390 0.0051
10.2106 256.4126 0.0052
10.1387 258.4658 0.0053
10.0801 260.3021 0.0053
9.9499 262.0672 0.0054
9.8686 263.4426 0.0055
9.7498 265.5962 0.0056
9.6752 267.3971 0.0056
9.5833 269.2811 0.0057
9.4908 271.1582 0.0058
9.3947 273.1155 0.0059
9.3158 274.9861 0.0060
9.2415 276.6632 0.0060
9.1406 278.9261 0.0061
9.0487 280.9946 0.0062
8.9494 283.2311 0.0063
8.8618 285.1953 0.0064
8.7817 286.9927 0.0065
8.6728 289.4354 0.0066
8.5806 291.5026 0.0067
8.4686 294.0132 0.0068
8.3632 296.3776 0.0069
8.2944 297.9215 0.0070
8.2026 299.9797 0.0071
8.0965 302.3276 0.0072
7.9896 304.6393 0.0073
7.8980 306.5862 0.0074
7.8184 308.2740 0.0075
7.7029 310.7065 0.0076
7.6171 312.4227 0.0077
7.5564 314.0958 0.0078
7.5868 315.9180 0.0079
7.6080 317.9372 0.0080
7.6106 319.2653 0.0080
7.6014 320.8337 0.0081
7.6327 322.6178 0.0082
7.6868 324.3888 0.0083
7.7550 326.3456 0.0084
7.8329 328.2932 0.0085
7.9737 329.6824 0.0086
8.1043 331.3264 0.0086
8.2306 333.0149 0.0087
8.4146 334.5885 0.0088
8.6425 336.4552 0.0089
8.7954 337.8956 0.0090
8.9507 339.3978 0.0091
9.2092 341.3210 0.0092
9.4736 343.1598 0.0093
9.7667 345.1136 0.0094
10.0863 346.5767 0.0095
10.3736 348.0870 0.0095
10.8049 350.0347 0.0096
11.1803 351.7253 0.0097
11.7129 353.5980 0.0098
12.0909 354.8839 0.0099
12.6372 356.3548 0.0100
13.3123 358.1689 0.0101
13.9833 359.8600 0.0102
14.5963 361.4791 0.0103
15.2350 363.2082 0.0104
15.8724 364.9398 0.0105
16.7754 367.0416 0.0106
17.4017 368.4974 0.0107
18.1692 370.1793 0.0108
19.0287 371.8476 0.0109
20.0897 373.7770 0.0110
20.9264 375.2553 0.0111
21.9079 376.9399 0.0112
22.7989 378.4135 0.0113
23.5062 379.6148 0.0114
24.6883 381.3677 0.0115
25.6851 382.8045 0.0116
26.8652 384.4193 0.0117
28.0868 386.1760 0.0118
29.0817 387.6141 0.0119
30.0602 389.0285 0.0120
31.3324 390.8668 0.0121
32.3111 392.3812 0.0122
33.4068 394.1540 0.0123
34.5566 396.0695 0.0124
35.3248 397.3549 0.0125
36.2430 399.0325 0.0126
37.2750 400.8930 0.0127
38.1451 402.6420 0.0129
38.8420 404.0307 0.0130
39.4646 405.3853 0.0130
40.3733 407.3140 0.0132
41.0157 409.0458 0.0133
41.6277 410.8413 0.0134
42.1209 412.4209 0.0135
42.5738 413.7658 0.0136
43.1045 415.6968 0.0137
43.4124 417.4223 0.0138
43.5356 419.4013 0.0140
43.6523 420.7112 0.0141
43.8271 422.0731 0.0142
44.0701 423.9002 0.0143
44.2822 425.7670 0.0144
44.3959 427.8703 0.0145
44.5204 429.3937 0.0147
44.6666 431.0937 0.0148
44.8081 433.2335 0.0149
44.8820 435.2245 0.0151
44.8965 437.1445 0.0152
44.9021 438.9232 0.0153
44.8748 440.3948 0.0154
44.8360 442.6736 0.0156
44.7718 444.4820 0.0157
44.6450 446.4772 0.0158
44.5594 448.4057 0.0160
44.4779 450.2845 0.0161
44.3955 452.2152 0.0162
44.3285 453.8971 0.0164
44.2823 456.4262 0.0165
44.2230 458.5806 0.0167
44.1564 460.8072 0.0168
44.0897 463.0084 0.0170
44.0334 464.8974 0.0171
43.9825 466.5983 0.0173
43.9075 469.0421 0.0174
43.8403 471.2787 0.0176
43.7686 473.5700 0.0178
43.6904 476.0823 0.0180
43.6214 478.2981 0.0181
43.5535 480.4085 0.0183
43.4696 483.0189 0.0185
43.3841 485.6094 0.0187
43.3031 488.0792 0.0189
43.2120 490.8107 0.0191
43.1192 493.5557 0.0193
43.0446 495.8660 0.0195
42.9722 498.1549 0.0197
42.8801 500.8863 0.0199
42.7877 503.4971 0.0201
42.6894 506.3954 0.0203
42.6099 508.8076 0.0205
42.5527 510.5436 0.0206
42.4915 512.4046 0.0208
42.4306 514.2522 0.0209
42.3333 515.7356 0.0211
42.1850 517.2400 0.0212
42.0992 518.4563 0.0213
41.9495 519.8109 0.0214
41.6614 521.2860 0.0215
41.4077 522.8376 0.0216
41.1914 524.3405 0.0218
40.8447 526.0959 0.0219
40.4130 527.9809 0.0220
40.0234 529.3852 0.0222
39.5540 530.8551 0.0223
38.9153 532.6006 0.0224
38.2776 534.3708 0.0226
37.8058 535.7641 0.0227
37.1496 537.7190 0.0228
36.4094 539.7346 0.0230
35.7159 541.5603 0.0232
34.9886 543.1807 0.0233
34.2671 544.6174 0.0234
33.2644 546.5461 0.0236
32.3772 548.1791 0.0237
31.2727 550.0348 0.0239
30.0979 551.8495 0.0240
29.0466 553.3413 0.0241
28.0414 554.6863 0.0243
26.7296 556.4650 0.0244
25.3025 558.2877 0.0246
24.2189 559.5083 0.0247
23.1370 560.6127 0.0248
21.6052 562.1769 0.0249
20.2457 563.5389 0.0250
18.7353 564.8743 0.0251
17.1962 566.2255 0.0252
15.8400 567.2968 0.0253
14.3382 568.5236 0.0254
13.0275 569.6198 0.0255
11.6855 570.8358 0.0256
10.0663 572.2697 0.0258
8.3896 573.7424 0.0259
6.6733 575.3858 0.0260
4.9965 577.0317 0.0262
3.8213 578.3196 0.0263
2.4838 579.8721 0.0264
1.0896 581.6813 0.0266
-0.1768 583.2849 0.0268
-1.4820 585.0092 0.0269
-2.8136 586.7920 0.0271
-4.0125 588.5143 0.0272
-5.2849 590.5025 0.0274
-6.2588 592.1199 0.0276
-7.2973 593.8562 0.0277
-8.2916 595.8758 0.0279
-9.4087 598.0633 0.0281
-10.5261 600.1571 0.0283
-11.5552 602.0754 0.0285
-12.6780 604.4671 0.0287
-13.4849 606.4057 0.0289
-14.2937 608.2362 0.0291
-15.4147 610.7511 0.0293
-16.4001 612.9748 0.0296
-17.2382 615.2894 0.0298
-18.1533 618.0108 0.0301
-19.0605 620.5850 0.0303
-19.5628 622.2738 0.0305
-20.0092 624.6125 0.0307
-20.2943 626.9350 0.0309
-20.6812 629.4050 0.0312
-21.0855 631.9228 0.0314
-21.2478 633.8295 0.0316
-21.1762 636.0126 0.0318
-20.8972 638.4421 0.0321
-20.4822 640.8515 0.0323
-20.0695 642.6797 0.0325
-19.6465 644.9105 0.0327
-19.3173 647.2985 0.0330
-19.1839 649.7993 0.0332
-19.1742 652.2574 0.0335
-19.1114 654.7882 0.0337
-19.0457 656.6977 0.0339
-19.0572 658.6881 0.0341
-19.1567 661.4698 0.0344
-19.3313 663.8435 0.0347
-19.5869 666.0835 0.0349
-19.8981 668.5896 0.0352
-20.1893 671.2094 0.0355
-20.4637 673.1466 0.0357
-20.8042 675.4559 0.0359
-21.2917 677.9218 0.0362
-21.7989 680.2528 0.0364
-22.3783 682.8713 0.0367
-22.9343 685.0329 0.0369
-23.4654 686.9438 0.0371
-24.2934 689.4334 0.0374
-24.9934 691.5396 0.0377
-25.7444 693.8478 0.0379
-26.5958 696.2955 0.0382
-27.4952 698.6969 0.0384
-28.3420 700.9807 0.0387
-29.2797 703.1108 0.0389
-30.1780 704.9662 0.0391
-31.0066 706.6172 0.0393
-32.1507 709.0213 0.0396
-33.1419 711.1259 0.0398
-34.3034 713.3126 0.0401
-35.5008 715.4572 0.0403
-36.8577 717.7304 0.0406
-37.9069 719.5263 0.0408
-38.9215 721.1574 0.0410
-40.3057 723.3414 0.0413
-41.6596 725.2357 0.0415
-43.1667 727.2233 0.0417
-44.5045 729.0114 0.0419
-46.1402 731.0372 0.0422
-47.3345 732.4533 0.0424
-48.7795 733.9941 0.0425
-50.2353 735.5784 0.0427
-51.8688 737.2794 0.0430
-53.3837 738.8611 0.0431
-55.1206 740.5288 0.0434
-56.3914 741.7990 0.0435
-57.5819 742.9936 0.0437
-59.2090 744.7675 0.0439
-60.7585 746.4259 0.0441
-62.0749 748.0167 0.0443
-63.6328 749.9196 0.0445
-64.6180 751.1736 0.0447
-65.6785 752.4723 0.0449
-67.1215 754.2303 0.0451
-68.5130 756.0566 0.0453
-69.7390 757.6866 0.0455
-70.8670 759.1804 0.0457
-72.1141 761.1204 0.0460
-73.2300 762.9235 0.0462
-74.2931 764.7573 0.0464
-75.4779 766.7197 0.0467
-76.3659 768.1816 0.0469
-77.3984 769.8818 0.0471
-78.5931 772.0571 0.0474
-79.6579 773.9735 0.0476
-80.7297 775.8820 0.0478
-81.7687 777.9441 0.0481
-82.8923 780.1982 0.0484
-83.7267 782.1720 0.0487
-84.4407 783.8721 0.0489
-85.1199 785.5939 0.0491
-85.9767 787.6640 0.0494
-86.7987 789.7614 0.0496
-87.6859 792.1138 0.0499
-88.5375 794.3158 0.0502
-89.2596 796.5325 0.0505
-89.8150 798.3054 0.0507
-90.2864 800.0523 0.0510
-90.9894 802.4809 0.0513
-91.5319 804.6763 0.0516
-92.0908 807.0194 0.0519
-92.4236 808.6611 0.0521
-92.8238 810.4455 0.0523
-93.2758 812.8272 0.0526
-93.6515 814.8570 0.0529
-93.9287 816.9480 0.0532
-94.1795 819.1298 0.0535
-94.3799 820.9082 0.0537
-94.5410 822.7896 0.0539
-94.7220 824.7777 0.0542
-94.8413 826.8643 0.0545
-94.9399 828.7648 0.0547
-94.9188 830.8857 0.0550
-94.8490 833.0357 0.0553
-94.8212 834.6469 0.0555
-94.7634 836.1878 0.0557
-94.6122 838.2719 0.0560
-94.5203 840.1263 0.0562
-94.4312 842.0166 0.0564
-94.3179 844.4420 0.0568
-94.2306 846.2941 0.0570
-94.1233 848.1702 0.0573
-93.8928 850.3986 0.0576
-93.6896 852.6058 0.0578
-93.3943 854.7487 0.0581
-93.1003 856.8520 0.0584
-92.7998 858.8780 0.0587
-92.4416 860.6555 0.0589
-92.0306 862.3392 0.0591
-91.3826 864.3718 0.0594
-90.8082 866.1589 0.0596
-90.1875 868.2711 0.0599
-89.5933 870.3181 0.0602
-88.9943 872.4064 0.0605
-88.4882 874.1650 0.0607
-87.8490 876.3706 0.0610
-87.1200 878.4256 0.0613
-86.3155 880.7080 0.0616
-85.5938 882.5873 0.0618
-84.6823 884.6812 0.0621
-84.0102 886.2099 0.0623
-82.9771 888.4320 0.0626
-82.1084 890.3841 0.0629
-81.0456 892.5937 0.0632
-80.1179 894.5203 0.0634
-79.1608 896.4992 0.0637
-77.8737 898.7127 0.0640
-76.7819 900.5886 0.0642
-75.5702 902.5022 0.0645
-74.3259 904.5028 0.0648
-72.9209 906.6568 0.0651
-71.6117 908.7109 0.0653
-70.4821 910.4826 0.0656
-69.2782 912.2699 0.0658
-67.5493 914.4160 0.0661
-66.0086 916.2891 0.0664
-64.3304 918.1199 0.0666
-62.5503 920.1308 0.0669
-60.9008 921.8542 0.0671
-59.3607 923.4688 0.0673
-57.8570 924.9007 0.0675
-55.8613 926.8796 0.0678
-54.2473 928.4877 0.0680
-52.3852 930.3451 0.0683
-50.5441 932.0213 0.0685
-48.7295 933.5967 0.0687
-46.5890 935.4345 0.0690
-44.4904 937.0149 0.0692
-42.5465 938.4754 0.0694
-41.0361 939.5940 0.0696
-39.2789 940.7949 0.0697
-37.1019 942.0713 0.0699
-34.9597 943.1837 0.0700
-32.8770 944.3503 0.0702
-30.7478 945.5614 0.0704
-28.7623 946.6995 0.0705
-26.8514 947.7937 0.0707
-24.2154 949.3045 0.0709
-21.8579 950.6579 0.0711
-19.2362 951.9383 0.0713
-16.7699 953.0195 0.0714
-13.7218 954.1233 0.0716
-11.7239 954.8664 0.0717
-9.5160 955.7131 0.0718
-6.5747 956.8386 0.0720
-3.6164 957.9668 0.0722
-0.7159 958.9203 0.0723
2.7494 959.9752 0.0725
5.1140 960.5632 0.0726
8.1038 961.2452 0.0727
10.9375 961.7298 0.0727
14.4834 962.3079 0.0728
16.9006 962.6299 0.0729
19.4504 962.9263 0.0729
22.6161 963.2443 0.0730
25.7076 963.5652 0.0731
28.5447 963.8193 0.0731
31.6413 963.9147 0.0731
34.7088 963.8354 0.0731
37.5072 963.6499 0.0731
39.8570 963.5253 0.0731
43.1682 963.3119 0.0731
46.0477 963.1390 0.0731
49.0642 962.9654 0.0731
52.6020 962.7629 0.0731
55.5947 962.5160 0.0731
58.0022 962.2764 0.0731
60.8589 961.9683 0.0731
63.8843 961.4689 0.0730
66.6822 960.9649 0.0730
70.0573 960.2425 0.0729
72.2970 959.7096 0.0728
74.5713 959.0077 0.0728
77.6703 958.0649 0.0726
80.4780 957.0511 0.0725
83.0873 956.1544 0.0724
86.0088 955.1568 0.0723
88.1152 954.4380 0.0722
90.3445 953.6253 0.0721
93.2130 952.4558 0.0720
95.7615 951.3220 0.0719
98.0550 950.2812 0.0718
100.5434 949.0669 0.0716
102.7936 947.7886 0.0715
104.6101 946.5136 0.0713
106.8749 944.5351 0.0710
108.5917 943.0152 0.0708
110.5553 941.3414 0.0706
112.7044 939.5395 0.0704
114.8329 937.5956 0.0702
116.8723 935.5783 0.0699
118.8272 933.7094 0.0697
120.5115 932.1063 0.0695
122.8530 929.7081 0.0691
124.6812 927.5432 0.0689
126.6131 925.3596 0.0686
128.7878 922.9853 0.0683
130.9549 920.5772 0.0680
132.7819 918.5213 0.0677
134.5667 916.5187 0.0675
136.8518 913.7877 0.0671
138.8371 911.4454 0.0668
140.9895 908.8946 0.0665
143.1582 906.3280 0.0662
145.4090 903.5595 0.0659
147.3035 901.1824 0.0656
149.0668 898.9552 0.0653
151.3660 895.8251 0.0649
153.1403 893.4454 0.0646
155.2993 890.5529 0.0642
157.3914 887.5334 0.0639
158.9272 885.1901 0.0636
160.2772 883.0246 0.0633
162.1978 879.9686 0.0629
163.9345 877.2220 0.0626
165.7120 874.4157 0.0623
167.6474 871.3495 0.0619
169.5270 868.1756 0.0615
170.9278 865.8318 0.0612
172.6924 862.8999 0.0609
174.1978 860.2988 0.0606
176.1177 856.7073 0.0601
177.2960 854.5410 0.0599
178.8168 851.7264 0.0595
180.1908 848.6891 0.0592
181.3830 845.8364 0.0588
182.5895 842.6116 0.0584
183.4839 839.3480 0.0580
184.3927 835.9705 0.0576
185.0176 833.7104 0.0573
185.8722 830.6797 0.0570
186.7427 827.5914 0.0566
187.5933 824.5672 0.0562
188.3908 821.7247 0.0559
188.9900 819.5807 0.0556
189.4629 817.8779 0.0554
189.9407 816.1550 0.0552
190.3117 814.8142 0.0550
190.6187 813.6368 0.0549
190.8373 812.5489 0.0548
191.0267 811.7584 0.0547
191.8639 805.1682 0.0539
191.8639 805.1681 0.0539
191.8639 805.1681 0.0539
191.8639 805.1683 0.0539
191.8639 805.1682 0.0539
191.8639 805.1682 0.0539
191.8639 805.1683 0.0539
191.8639 805.1681 0.0539
191.8639 805.1681 0.0539
191.8639 805.1683 0.0539
191.8639 805.1683 0.0539
191.8639 805.1681 0.0539
191.8639 805.1680 0.0539
191.8639 805.1680 0.0539
191.8639 805.1680 0.0539
191.8639 805.1681 0.0539
191.8640 805.1681 0.0539
191.8639 805.1681 0.0539
191.8639 805.1681 0.0539
191.8639 805.1681 0.0539
191.8640 805.1682 0.0539
191.8639 805.1681 0.0539
191.8639 805.1681 0.0539
191.8639 805.1680 0.0539
191.8640 805.1682 0.0539
191.8639 805.1681 0.0539
191.8639 805.1681 0.0539
191.8639 805.1682 0.0539
191.8639 805.1681 0.0539
191.8640 805.1682 0.0539
191.8639 805.1681 0.0539
191.8640 805.1681 0.0539
191.8639 805.1681 0.0539
191.8639 805.1682 0.0539
191.8639 805.1681 0.0539
191.8639 805.1681 0.0539
191.8639 805.1681 0.0539
191.8639 805.1681 0.0539
191.8639 805.1681 0.0539
191.8639 805.1682 0.0539
191.8639 805.1678 0.0539
191.8638 805.1680 0.0539
191.8667 805.1595 0.0539
191.8706 805.1481 0.0539
191.8750 805.1353 0.0539
191.8888 805.0950 0.0538
191.8966 805.0723 0.0538
191.9055 805.0461 0.0538
191.9182 805.0090 0.0538
191.9298 804.9754 0.0538
191.9583 804.8918 0.0538
191.9730 804.8487 0.0538
191.9893 804.8014 0.0538
192.0104 804.7399 0.0538
192.0688 804.5701 0.0538
192.1117 804.4451 0.0538
192.1409 804.3607 0.0538
192.1648 804.2912 0.0538
192.2254 804.1151 0.0537
192.2540 804.0321 0.0537
192.2828 803.9483 0.0537
192.3186 803.8444 0.0537
192.3785 803.6706 0.0537
192.4178 803.5563 0.0537
192.4541 803.4505 0.0537
192.5577 803.1494 0.0536
192.6201 802.9685 0.0536
192.7023 802.7307 0.0536
192.7837 802.4949 0.0535
192.8459 802.3144 0.0535
192.9253 802.0845 0.0535
193.0007 801.8656 0.0535
193.0550 801.7088 0.0535
193.1106 801.5477 0.0534
193.1518 801.4285 0.0534
193.1821 801.3409 0.0534
193.2439 801.1610 0.0534
193.2855 801.0374 0.0534
193.3443 800.8565 0.0534
193.4051 800.6548 0.0533
193.4525 800.4866 0.0533
193.4850 800.3679 0.0533
193.5368 800.1836 0.0533
193.5978 799.9821 0.0533
193.6520 799.8124 0.0532
193.7263 799.5851 0.0532
193.7902 799.3896 0.0532
193.8366 799.2474 0.0532
193.9062 799.0336 0.0531
193.9543 798.8862 0.0531
194.0266 798.6652 0.0531
194.1050 798.4251 0.0531
194.1715 798.2181 0.0531
194.2189 798.0653 0.0530
194.2540 797.9492 0.0530
194.3653 797.5763 0.0530
194.4273 797.3746 0.0530
194.5100 797.1138 0.0529
194.5819 796.8880 0.0529
194.6296 796.7335 0.0529
194.6953 796.5099 0.0529
194.7646 796.2608 0.0528
194.8236 796.0498 0.0528
194.8684 795.8961 0.0528
194.9363 795.6712 0.0528
195.0096 795.4273 0.0527
195.0680 795.2238 0.0527
195.1401 794.9535 0.0527
195.2005 794.7106 0.0526
195.2390 794.5573 0.0526
195.2971 794.3341 0.0526
195.3660 794.0885 0.0526
195.4237 793.8903 0.0525
195.4668 793.7430 0.0525
195.5311 793.5225 0.0525
195.6041 793.2703 0.0525
195.6645 793.0615 0.0525
195.7466 792.7779 0.0524
195.8158 792.5321 0.0524
195.8609 792.3633 0.0524
195.9247 792.1168 0.0523
195.9976 791.8401 0.0523
196.0579 791.6200 0.0523
196.1061 791.4488 0.0523
196.1414 791.3238 0.0523
196.2228 791.0368 0.0522
196.2833 790.8230 0.0522
196.3861 790.4600 0.0522
196.4521 790.2264 0.0521
196.5365 789.9279 0.0521
196.6108 789.6636 0.0521
196.6587 789.4895 0.0520
196.7289 789.2257 0.0520
196.8060 788.9416 0.0520
196.8723 788.7035 0.0519
196.9199 788.5337 0.0519
196.9574 788.3993 0.0519
197.0736 787.9837 0.0519
197.1409 787.7433 0.0518
197.2224 787.4522 0.0518
197.2966 787.1861 0.0518
197.3436 787.0144 0.0518
197.4173 786.7329 0.0517
197.4898 786.4375 0.0517
197.5478 786.1856 0.0517
197.5885 785.9977 0.0516
197.6491 785.6916 0.0516
197.7082 785.3632 0.0516
197.7540 785.1050 0.0515
197.8201 784.7505 0.0515
197.8891 784.4144 0.0514
197.9446 784.1582 0.0514
198.0018 783.9029 0.0514
198.0440 783.7159 0.0514
198.0752 783.5787 0.0514
198.1783 783.1280 0.0513
198.2374 782.8710 0.0513
198.3188 782.5170 0.0512
198.3999 782.1648 0.0512
198.4614 781.8985 0.0512
198.5260 781.6196 0.0511
198.5755 781.4060 0.0511
198.6122 781.2484 0.0511
198.6992 780.8733 0.0510
198.7650 780.5895 0.0510
198.8345 780.2898 0.0510
198.8871 780.0629 0.0509
198.9268 779.8915 0.0509
199.0017 779.5680 0.0509
199.0520 779.3504 0.0509
199.1279 779.0223 0.0508
199.2088 778.6647 0.0508
199.2984 778.2333 0.0507
199.3756 777.8417 0.0507
199.4438 777.5123 0.0506
199.4901 777.2978 0.0506
199.5599 776.9777 0.0506
199.6371 776.6247 0.0505
199.7001 776.3263 0.0505
199.7450 776.1020 0.0505
199.7776 775.9331 0.0505
199.8704 775.4042 0.0504
199.9213 775.1109 0.0504
199.9921 774.7363 0.0503
200.0553 774.4163 0.0503
200.0997 774.1944 0.0503
200.1654 773.8666 0.0502
200.2363 773.5136 0.0502
200.2960 773.2150 0.0502
200.3429 772.9812 0.0501
200.3768 772.8118 0.0501
200.4460 772.4676 0.0501
200.4954 772.2220 0.0500
200.5653 771.8697 0.0500
200.6092 771.6335 0.0500
200.6715 771.2765 0.0499
200.7316 770.8858 0.0499
200.7791 770.5600 0.0498
200.8157 770.3157 0.0498
200.8455 770.1298 0.0498
200.9292 769.6422 0.0497
200.9862 769.3180 0.0497
201.0295 769.0720 0.0497
201.0614 768.8910 0.0497
201.1339 768.4806 0.0496
201.1906 768.1605 0.0496
201.2570 767.7874 0.0495
201.3128 767.4747 0.0495
201.3858 767.0666 0.0494
201.4612 766.6446 0.0494
201.5194 766.3185 0.0494
201.5777 765.9924 0.0493
201.6216 765.7470 0.0493
201.6550 765.5605 0.0493
201.7232 765.1802 0.0492
201.7673 764.9346 0.0492
201.8338 764.5637 0.0492
201.9052 764.1657 0.0491
201.9667 763.8226 0.0491
202.0103 763.5788 0.0490
202.0449 763.3856 0.0490
202.1204 762.9641 0.0490
202.1822 762.6183 0.0489
202.2560 762.2053 0.0489
202.3174 761.8616 0.0488
202.3983 761.4087 0.0488
202.4819 760.9397 0.0487
202.5451 760.5859 0.0487
202.6225 760.1526 0.0487
202.6840 759.8086 0.0486
202.7663 759.3483 0.0486
202.8498 758.8813 0.0485
202.9131 758.5241 0.0485
202.9834 758.1020 0.0484
203.0370 757.7444 0.0484
203.1034 757.2725 0.0483
203.1736 756.8178 0.0483
203.2307 756.4658 0.0482
203.2986 756.0501 0.0482
203.3554 755.7026 0.0481
203.4286 755.2548 0.0481
203.4934 754.8589 0.0480
203.5361 754.5987 0.0480
203.5974 754.2079 0.0480
203.6345 753.9520 0.0479
203.6863 753.5625 0.0479
203.7339 753.1369 0.0479
203.7700 752.7922 0.0478
203.8206 752.3463 0.0478
203.8698 751.9639 0.0477
203.9010 751.7162 0.0477
203.9457 751.3266 0.0476
203.9893 750.9228 0.0476
204.0289 750.5869 0.0476
204.0599 750.3379 0.0475
204.0831 750.1543 0.0475
204.1301 749.7850 0.0475
204.1640 749.5200 0.0474
204.2128 749.1407 0.0474
204.2491 748.8589 0.0474
204.2970 748.4889 0.0473
204.3287 748.2451 0.0473
204.3766 747.8768 0.0473
204.4294 747.4720 0.0472
204.4719 747.1467 0.0472
204.5053 746.8914 0.0471
204.5314 746.6920 0.0471
204.5882 746.2571 0.0471
204.6315 745.9255 0.0470
204.6747 745.5944 0.0470
204.7072 745.3454 0.0470
204.7530 744.9943 0.0469
204.8051 744.5946 0.0469
204.8466 744.2760 0.0468
204.9031 743.8416 0.0468
204.9506 743.4763 0.0468
204.9854 743.2081 0.0467
205.0329 742.8256 0.0467
205.0639 742.5513 0.0466
205.1031 742.1665 0.0466
205.1261 741.8953 0.0466
205.1546 741.5180 0.0465
205.1875 741.1015 0.0465
205.2176 740.7608 0.0464
205.2432 740.4970 0.0464
205.2619 740.3102 0.0464
205.3076 739.8624 0.0463
205.3407 739.5150 0.0463
205.3696 739.1677 0.0463
205.3898 738.9091 0.0462
205.4058 738.7115 0.0462
205.4381 738.3525 0.0462
205.4628 738.0908 0.0461
205.4988 737.7149 0.0461
205.5427 737.2607 0.0460
205.5859 736.8146 0.0460
205.6286 736.3751 0.0459
205.6683 735.9202 0.0459
205.6920 735.5930 0.0459
205.7122 735.2503 0.0458
205.7231 734.9905 0.0458
205.7301 734.8029 0.0458
205.7503 734.3594 0.0457
205.7698 734.0279 0.0457
205.7906 733.6957 0.0456
205.8050 733.4516 0.0456
205.8215 733.0870 0.0456
205.8351 732.6824 0.0455
205.8479 732.3526 0.0455
205.8692 731.9286 0.0454
205.8897 731.5643 0.0454
205.9045 731.3069 0.0454
205.9258 730.9396 0.0453
205.9400 730.6966 0.0453
205.9613 730.3339 0.0453
205.9855 729.9235 0.0452
206.0050 729.5932 0.0452
206.0204 729.3323 0.0451
206.0310 729.1525 0.0451
206.0587 728.6858 0.0451
206.0795 728.3357 0.0450
206.1054 727.9016 0.0450
206.1263 727.5500 0.0449
206.1542 727.0796 0.0449
206.1776 726.6779 0.0449
206.1916 726.4086 0.0448
206.2087 725.9845 0.0448
206.2200 725.5528 0.0447
206.2308 725.1872 0.0447
206.2412 724.9180 0.0447
206.2501 724.7128 0.0446
206.2788 724.0767 0.0446
206.2953 723.7131 0.0445
206.3176 723.2221 0.0445
206.3393 722.7490 0.0444
206.3561 722.3858 0.0444
206.3731 722.0192 0.0443
206.3876 721.7065 0.0443
206.3977 721.4862 0.0443
206.4122 721.1724 0.0442
206.4256 720.8835 0.0442
206.4445 720.4759 0.0442
206.4685 719.9593 0.0441
206.4923 719.4487 0.0440
206.5147 718.9288 0.0440
206.5290 718.4281 0.0439
206.5369 718.0385 0.0439
206.5468 717.6553 0.0438
206.5563 717.3644 0.0438
206.5637 717.1523 0.0438
206.5789 716.7272 0.0437
206.6023 716.0763 0.0437
206.6277 715.3769 0.0436
206.6353 715.1698 0.0436
206.6541 714.6602 0.0435
206.6731 714.1483 0.0434
206.6872 713.6516 0.0434
206.6927 713.2237 0.0433
206.6969 712.9454 0.0433
206.7055 712.5315 0.0433
206.7183 712.0655 0.0432
206.7290 711.6910 0.0432
206.7369 711.4133 0.0431
206.7431 711.1969 0.0431
206.7553 710.7686 0.0431
206.7630 710.4968 0.0430
206.7748 710.0817 0.0430
206.7890 709.5883 0.0429
206.8035 709.0851 0.0429
206.8179 708.5921 0.0428
206.8301 708.1762 0.0428
206.8387 707.8861 0.0428
206.8514 707.4605 0.0427
206.8602 707.1703 0.0427
206.8732 706.7367 0.0426
206.8870 706.2762 0.0426
206.8985 705.8891 0.0425
206.9071 705.5966 0.0425
206.9134 705.3861 0.0425
206.9257 704.9728 0.0424
206.9343 704.6859 0.0424
206.9467 704.2689 0.0424
206.9619 703.7535 0.0423
206.9769 703.2456 0.0422
206.9921 702.7350 0.0422
207.0048 702.3102 0.0421
207.0146 701.9839 0.0421
207.0277 701.5431 0.0421
207.0368 701.2355 0.0420
207.0498 700.7956 0.0420
207.0639 700.3147 0.0419
207.0759 699.9079 0.0419
207.0852 699.5952 0.0418
207.0921 699.3623 0.0418
207.1083 698.8227 0.0418
207.1206 698.4122 0.0417
207.1330 697.9973 0.0417
207.1429 697.6681 0.0416
207.1501 697.4291 0.0416
207.1640 696.9630 0.0416
207.1739 696.6313 0.0415
207.1880 696.1580 0.0415
207.1976 695.8383 0.0414
207.2115 695.3713 0.0414
207.2267 694.8635 0.0413
207.2395 694.4368 0.0413
207.2497 694.1033 0.0412
207.2570 693.8619 0.0412
207.2747 693.2779 0.0412
207.2878 692.8451 0.0411
207.3011 692.4076 0.0411
207.3117 692.0582 0.0410
207.3194 691.8045 0.0410
207.3437 691.0044 0.0409
207.3576 690.5434 0.0409
207.3760 689.9383 0.0408
207.3917 689.4196 0.0407
207.4024 689.0675 0.0407
207.4176 688.5664 0.0406
207.4350 687.9923 0.0406
207.4470 687.5240 0.0405
207.4522 687.1817 0.0405
207.4533 686.9128 0.0405
207.4468 686.2897 0.0404
207.4398 685.8164 0.0404
207.4359 685.3500 0.0403
207.4358 684.9822 0.0403
207.4367 684.7288 0.0402
207.4391 684.2273 0.0402
207.4409 683.8821 0.0401
207.4433 683.3763 0.0401
207.4463 682.7586 0.0400
207.4495 682.1322 0.0400
207.4527 681.5378 0.0399
207.4615 681.0421 0.0398
207.4727 680.6967 0.0398
207.4956 680.2022 0.0398
207.5312 679.6569 0.0397
207.5623 679.2047 0.0396
207.5842 678.8566 0.0396
207.5975 678.6042 0.0396
207.6242 678.0124 0.0395
207.6439 677.5575 0.0395
207.6633 677.1051 0.0394
207.6788 676.7458 0.0394
207.6894 676.4996 0.0394
207.7157 675.8817 0.0393
207.7265 675.6236 0.0393
207.7513 675.0343 0.0392
207.7706 674.5762 0.0392
207.7896 674.1243 0.0391
207.8046 673.7617 0.0391
207.8156 673.4975 0.0390
207.8410 672.8794 0.0390
207.8520 672.6112 0.0390
207.8855 671.7462 0.0389
207.8994 671.2622 0.0388
207.9141 670.6007 0.0387
207.9328 669.9242 0.0387
207.9485 669.4255 0.0386
207.9651 668.9120 0.0386
207.9786 668.4939 0.0385
207.9877 668.2120 0.0385
208.0105 667.5071 0.0384
208.0278 666.9715 0.0384
208.0491 666.3127 0.0383
208.0660 665.7891 0.0382
208.0899 665.0549 0.0382
208.1124 664.3627 0.0381
208.1297 663.8333 0.0380
208.1471 663.3038 0.0380
208.1609 662.8819 0.0379
208.1707 662.5854 0.0379
208.1894 662.0148 0.0379
208.2036 661.5830 0.0378
208.2230 660.9945 0.0377
208.2366 660.5839 0.0377
208.2559 660.0003 0.0376
208.2777 659.3438 0.0376
208.3015 658.6241 0.0375
208.3252 657.9115 0.0374
208.3462 657.2756 0.0374
208.3602 656.8519 0.0373
208.3806 656.2345 0.0373
208.4031 655.5517 0.0372
208.4193 654.9946 0.0371
208.4286 654.5681 0.0371
208.4322 654.2539 0.0371
208.4322 653.5071 0.0370
208.4314 652.9571 0.0369
208.4375 652.3833 0.0369
208.4434 651.9560 0.0368
208.4479 651.6405 0.0368
208.4583 650.8840 0.0367
208.4657 650.3255 0.0367
208.4747 649.6373 0.0366
208.4820 649.0844 0.0365
208.4917 648.3479 0.0365
208.5015 647.6233 0.0364
208.5111 647.0724 0.0363
208.5279 646.5376 0.0363
208.5466 646.1079 0.0362
208.5634 645.8100 0.0362
208.6056 645.2019 0.0361
208.6358 644.8004 0.0361
208.6791 644.2092 0.0360
208.7194 643.5296 0.0360
208.7489 642.9878 0.0359
208.7718 642.5650 0.0359
208.7884 642.2588 0.0358
208.8209 641.6630 0.0358
208.8444 641.2332 0.0357
208.8763 640.6312 0.0357
208.8955 640.1989 0.0356
208.9154 639.6186 0.0356
208.9281 638.9282 0.0355
208.9375 638.4017 0.0355
208.9499 637.9760 0.0354
208.9687 637.3893 0.0354
208.9906 636.7100 0.0353
209.0075 636.1807 0.0352
209.0292 635.4914 0.0352
209.0476 634.9085 0.0351
209.0602 634.5108 0.0351
209.0787 633.9316 0.0350
209.1002 633.2657 0.0350
209.1170 632.7500 0.0349
209.1301 632.3505 0.0349
209.1501 631.7452 0.0348
209.1698 631.1141 0.0347
209.1802 630.5918 0.0347
209.1842 629.8813 0.0346
209.1834 629.3023 0.0346
209.1851 628.9003 0.0345
209.1904 628.3225 0.0345
209.1991 627.6651 0.0344
209.2059 627.1525 0.0344
209.2113 626.7415 0.0343
209.2151 626.4488 0.0343
209.2241 625.7464 0.0342
209.2306 625.2382 0.0342
209.2412 624.7124 0.0341
209.2541 624.3101 0.0341
209.2810 623.7567 0.0340
209.3214 623.1166 0.0340
209.3538 622.5910 0.0339
209.3880 621.9137 0.0338
209.4136 621.3391 0.0338
209.4314 620.9357 0.0338
209.4567 620.3680 0.0337
209.4849 619.7408 0.0336
209.5066 619.2305 0.0336
209.5195 618.8487 0.0336
209.5332 618.2816 0.0335
209.5390 617.6482 0.0334
209.5434 617.1392 0.0334
209.5579 616.4513 0.0333
209.5748 615.7377 0.0333
209.5865 615.2328 0.0332
209.6007 614.6171 0.0331
209.6119 614.1233 0.0331
209.6278 613.4244 0.0330
209.6432 612.7608 0.0330
209.6550 612.2623 0.0329
209.6671 611.7515 0.0329
209.6768 611.3434 0.0328
209.6839 611.0454 0.0328
209.7007 610.3510 0.0327
209.7134 609.8251 0.0327
209.7295 609.1657 0.0326
209.7426 608.6280 0.0326
209.7598 607.9204 0.0325
209.7743 607.3227 0.0324
209.7853 606.8676 0.0324
209.7997 606.2685 0.0323
209.8102 605.8286 0.0323
209.8251 605.2096 0.0322
209.8413 604.5325 0.0322
209.8548 603.9670 0.0321
209.8660 603.4993 0.0321
209.8739 603.1698 0.0321
209.8928 602.3832 0.0320
209.9064 601.8166 0.0319
209.9237 601.0997 0.0319
209.9379 600.5133 0.0318
209.9571 599.7200 0.0317
209.9735 599.0465 0.0317
209.9849 598.5800 0.0316
210.0013 597.9060 0.0316
210.0194 597.1600 0.0315
210.0345 596.5430 0.0314
210.0468 596.0387 0.0314
210.0553 595.6941 0.0314
210.0756 594.8612 0.0313
210.0909 594.2341 0.0312
210.1171 593.1618 0.0311
210.1347 592.4448 0.0311
210.1493 591.9457 0.0310
210.1775 591.2213 0.0309
210.2247 590.3573 0.0309
210.2623 589.7741 0.0308
210.2951 589.2575 0.0308
210.3377 588.5427 0.0307
210.3826 587.6947 0.0306
210.4169 587.0433 0.0306
210.4451 586.5131 0.0305
210.4646 586.1477 0.0305
210.5048 585.4017 0.0304
210.5322 584.8966 0.0304
210.5694 584.1436 0.0303
210.5991 583.3344 0.0302
210.6180 582.6598 0.0302
210.6322 582.1519 0.0301
210.6593 581.3899 0.0301
210.6902 580.5595 0.0300
210.7142 579.9019 0.0299
210.7454 579.0311 0.0298
210.7888 577.8001 0.0297
210.8120 577.1395 0.0297
210.8430 576.2611 0.0296
210.8682 575.5542 0.0295
210.8862 575.0507 0.0295
210.9121 574.3335 0.0294
210.9416 573.4505 0.0293
210.9600 572.5941 0.0293
210.9623 571.7201 0.0292
210.9558 571.0058 0.0291
210.9521 570.5019 0.0291
210.9499 569.7696 0.0290
210.9533 568.9719 0.0289
210.9562 568.2960 0.0289
210.9579 567.7992 0.0288
210.9600 567.0748 0.0288
210.9619 566.2671 0.0287
210.9634 565.6110 0.0286
210.9655 564.7448 0.0286
210.9685 564.0051 0.0285
210.9762 563.5056 0.0285
210.9970 562.8034 0.0284
211.0353 562.0006 0.0283
211.0707 561.3633 0.0283
211.0973 560.8568 0.0282
211.1130 560.4973 0.0282
211.1409 559.7920 0.0281
211.1609 559.2811 0.0281
211.1892 558.5724 0.0280
211.2242 557.7138 0.0280
211.2596 556.8525 0.0279
211.2931 556.0015 0.0278
211.3129 555.2977 0.0277
211.3210 554.8023 0.0277
211.3299 554.0742 0.0276
211.3471 553.2851 0.0276
211.3626 552.6420 0.0275
211.3741 552.1606 0.0275
211.3904 551.4638 0.0274
211.4089 550.6540 0.0273
211.4232 550.0222 0.0273
211.4415 549.2047 0.0272
211.4576 548.4862 0.0272
211.4684 548.0111 0.0271
211.4843 547.3140 0.0271
211.5022 546.5425 0.0270
211.5167 545.9198 0.0269
211.5281 545.4323 0.0269
211.5448 544.7237 0.0268
211.5634 543.9382 0.0268
211.5786 543.2957 0.0267
211.5912 542.7698 0.0267
211.5996 542.4140 0.0266
211.6165 541.7060 0.0266
211.6288 541.1913 0.0265
211.6463 540.4589 0.0265
211.6654 539.6645 0.0264
211.6891 538.6713 0.0263
211.7103 537.7853 0.0263
211.7287 537.0173 0.0262
211.7438 536.4804 0.0261
211.7742 535.7045 0.0261
211.8129 534.8619 0.0260
211.8411 534.1717 0.0260
211.8610 533.6418 0.0259
211.8894 532.8657 0.0258
211.9205 532.0225 0.0258
211.9463 531.3315 0.0257
211.9813 530.4023 0.0256
212.0059 529.6049 0.0256
212.0165 529.0732 0.0255
212.0236 528.3159 0.0255
212.0180 527.4389 0.0254
212.0103 526.7172 0.0253
212.0066 526.1723 0.0253
212.0067 525.7661 0.0253
212.0084 524.9946 0.0252
212.0094 524.4490 0.0251
212.0102 523.6637 0.0251
212.0104 522.7187 0.0250
212.0101 521.7799 0.0249
212.0170 520.8784 0.0249
212.0365 520.1087 0.0248
212.0567 519.5933 0.0247
212.0966 518.8446 0.0247
212.1475 518.0336 0.0246
212.1875 517.3575 0.0246
212.2138 516.8440 0.0245
212.2496 516.0982 0.0245
212.2895 515.2801 0.0244
212.3229 514.6097 0.0244
212.3498 514.0757 0.0243
212.3694 513.6870 0.0243
212.4076 512.9352 0.0242
212.4338 512.4169 0.0242
212.4706 511.6839 0.0241
212.5312 510.4635 0.0240
212.5638 509.7985 0.0240
212.5976 509.1008 0.0239
212.6408 508.2050 0.0238
212.6726 507.4475 0.0238
212.6897 506.9087 0.0237
212.7073 506.1671 0.0237
212.7298 505.3345 0.0236
212.7520 504.6503 0.0236
212.7697 504.1206 0.0235
212.7941 503.3941 0.0235
212.8217 502.5613 0.0234
212.8432 501.9048 0.0234
212.8720 501.0229 0.0233
212.8962 500.2805 0.0232
212.9121 499.7947 0.0232
212.9363 499.0577 0.0231
212.9745 497.9047 0.0230
212.9967 497.2370 0.0230
213.0191 496.5667 0.0229
213.0488 495.6779 0.0229
213.0733 494.9453 0.0228
213.0901 494.4447 0.0228
213.1128 493.7141 0.0227
213.1288 492.8897 0.0227
213.1336 492.2221 0.0226
213.1307 491.7189 0.0226
213.1213 490.9828 0.0225
213.1154 490.1959 0.0225
213.1140 489.5385 0.0224
213.1144 489.0301 0.0224
213.1148 488.6455 0.0223
213.1150 487.9076 0.0223
213.1148 487.4199 0.0222
213.1142 486.6876 0.0222
213.1134 485.8829 0.0221
213.1124 484.9271 0.0220
213.1119 484.0639 0.0220
213.1118 483.3370 0.0219
213.1132 482.8316 0.0219
213.1244 482.1272 0.0218
213.1464 481.3541 0.0218
213.1697 480.4079 0.0217
213.1855 479.4927 0.0216
213.2051 478.3667 0.0216
213.2167 477.7200 0.0215
213.2318 476.8868 0.0214
213.2445 476.1782 0.0214
213.2529 475.7110 0.0214
213.2659 474.9845 0.0213
213.2811 474.1148 0.0212
213.2960 473.2553 0.0212
213.3103 472.4254 0.0211
213.3312 471.7148 0.0211
213.3519 471.2359 0.0210
213.3907 470.5343 0.0210
213.4473 469.7514 0.0209
213.4971 469.1173 0.0209
213.5340 468.6385 0.0208
213.5795 467.9541 0.0208
213.6285 467.1658 0.0207
213.6685 466.5295 0.0207
213.7012 466.0160 0.0207
213.7225 465.6827 0.0206
213.7693 464.9496 0.0206
213.8021 464.4370 0.0205
213.8477 463.7235 0.0205
213.8977 462.9409 0.0204
213.9355 462.2894 0.0204
213.9599 461.7919 0.0204
213.9858 461.0752 0.0203
214.0108 459.9229 0.0202
214.0269 459.2792 0.0202
214.0463 458.6222 0.0201
214.0741 457.7722 0.0201
214.0974 457.0519 0.0200
214.1130 456.5602 0.0200
214.1364 455.8128 0.0199
214.1576 455.0516 0.0199
214.1726 454.0856 0.0198
214.1767 453.2211 0.0197
214.1862 452.5071 0.0197
214.1947 452.0146 0.0197
214.2072 451.3121 0.0196
214.2271 450.1788 0.0195
214.2380 449.5427 0.0195
214.2491 448.8942 0.0194
214.2634 448.0595 0.0194
214.2753 447.3628 0.0193
214.2836 446.8848 0.0193
214.2961 446.1637 0.0192
214.3111 445.3116 0.0192
214.3258 444.4853 0.0191
214.3407 443.6475 0.0191
214.3536 442.9229 0.0190
214.3627 442.4178 0.0190
214.3755 441.7058 0.0189
214.3908 440.8571 0.0189
214.4068 439.9633 0.0188
214.4220 439.1172 0.0188
214.4354 438.3688 0.0187
214.4446 437.8539 0.0187
214.4578 437.1136 0.0186
214.4785 435.9448 0.0185
214.4907 435.2606 0.0185
214.5028 434.5781 0.0185
214.5185 433.6912 0.0184
214.5315 432.9588 0.0183
214.5400 432.4753 0.0183
214.5534 431.7178 0.0183
214.5833 430.5693 0.0182
214.6146 429.8954 0.0181
214.6517 429.2329 0.0181
214.6972 428.3860 0.0180
214.7302 427.6352 0.0180
214.7533 427.0907 0.0180
214.7851 426.3505 0.0179
214.8197 425.5582 0.0179
214.8628 424.5857 0.0178
214.9014 423.7190 0.0177
214.9337 422.9926 0.0177
214.9572 422.4631 0.0177
214.9893 421.7320 0.0176
215.0272 420.8657 0.0175
215.0664 419.9618 0.0175
215.0989 419.1001 0.0174
215.1152 418.3508 0.0174
215.1191 417.8544 0.0174
215.1182 417.1138 0.0173
215.1169 416.2369 0.0172
215.1229 415.3253 0.0172
215.1320 414.4533 0.0171
215.1390 413.7357 0.0171
215.1436 413.2256 0.0171
215.1499 412.5028 0.0170
215.1572 411.6341 0.0169
215.1649 410.7392 0.0169
215.1723 409.8745 0.0168
215.1788 409.1367 0.0168
215.1868 408.6423 0.0168
215.2034 407.9185 0.0167
215.2263 406.7351 0.0166
215.2377 406.0578 0.0166
215.2491 405.3812 0.0165
215.2641 404.5101 0.0165
215.2845 403.7647 0.0164
215.3037 403.2849 0.0164
215.3442 402.5490 0.0164
215.4026 401.7340 0.0163
215.4783 400.7713 0.0163
215.5398 399.9146 0.0162
215.5865 399.1842 0.0162
215.6186 398.6808 0.0161
215.6657 397.9517 0.0161
215.7213 397.1018 0.0160
215.7435 396.7646 0.0160
215.7807 396.1992 0.0160
215.8303 395.3506 0.0159
215.8749 394.2013 0.0159
215.8878 393.5327 0.0158
215.8933 392.8594 0.0158
215.8996 392.0161 0.0157
215.9119 391.2870 0.0157
215.9225 390.7779 0.0157
215.9371 390.0664 0.0156
215.9530 389.2471 0.0156
215.9654 388.5796 0.0155
215.9742 388.0922 0.0155
215.9873 387.3744 0.0155
215.9994 386.7183 0.0154
216.0088 386.2192 0.0154
216.0344 384.9061 0.0153
216.0512 384.0757 0.0153
216.0662 383.3566 0.0152
216.0769 382.8451 0.0152
216.0918 382.1307 0.0151
216.1104 381.2475 0.0151
216.1290 380.3663 0.0150
216.1474 379.4957 0.0150
216.1631 378.7509 0.0149
216.1738 378.2430 0.0149
216.1893 377.5022 0.0149
216.2072 376.6443 0.0148
216.2220 375.9290 0.0148
216.2359 375.2569 0.0147
216.2441 374.8601 0.0147
216.2657 373.8139 0.0146
216.2806 373.0921 0.0146
216.2999 372.1587 0.0146
216.3148 371.4382 0.0145
216.3348 370.4712 0.0145
216.3513 369.6769 0.0144
216.3635 369.0946 0.0144
216.3802 368.2928 0.0143
216.4003 367.3295 0.0143
216.4160 366.5781 0.0142
216.4286 365.9780 0.0142
216.4373 365.5624 0.0142
216.4657 364.2055 0.0141
216.4817 363.4353 0.0141
216.5030 362.4174 0.0140
216.5274 361.2455 0.0139
216.5335 360.9488 0.0139
216.5447 360.4137 0.0139
216.5565 359.8437 0.0139
216.5802 358.7018 0.0138
216.5914 358.1651 0.0138
216.6222 356.6842 0.0137
216.6425 355.7108 0.0136
216.6603 354.8657 0.0136
216.6720 354.3027 0.0135
216.6889 353.5003 0.0135
216.7138 352.6114 0.0135
216.7624 351.5346 0.0134
216.8231 350.6005 0.0133
216.8890 349.7879 0.0133
216.9375 349.2456 0.0133
217.0096 348.4471 0.0132
217.0841 347.5640 0.0132
217.1447 346.8150 0.0131
217.1891 346.2625 0.0131
217.2545 345.4591 0.0131
217.3273 344.5771 0.0130
217.3838 343.8661 0.0130
217.4240 343.3154 0.0130
217.4492 342.9227 0.0129
217.4908 342.1360 0.0129
217.5124 341.5953 0.0129
217.5340 340.7942 0.0128
217.5454 339.5289 0.0128
217.5448 338.8039 0.0127
217.5438 338.0342 0.0127
217.5516 337.0765 0.0126
217.5588 336.2785 0.0126
217.5646 335.7335 0.0126
217.5821 334.9532 0.0125
217.6151 334.0747 0.0125
217.6509 333.3764 0.0124
217.6865 332.8136 0.0124
217.7417 332.0493 0.0124
217.8077 331.1908 0.0123
217.8600 330.4858 0.0123
217.8985 329.9396 0.0123
217.9269 329.5278 0.0123
217.9816 328.7454 0.0122
218.0199 328.2079 0.0122
218.0750 327.4444 0.0122
218.1646 326.2140 0.0121
218.2155 325.5149 0.0121
218.2671 324.7998 0.0120
218.3314 323.9026 0.0120
218.3851 323.1444 0.0119
218.4195 322.6097 0.0119
218.4607 321.8513 0.0119
218.5033 320.5809 0.0118
218.5165 319.8761 0.0118
218.5309 319.1512 0.0117
218.5585 318.2598 0.0117
218.5842 317.4798 0.0117
218.6008 316.9626 0.0116
218.6245 316.2044 0.0116
218.6625 314.9414 0.0115
218.6833 314.2412 0.0115
218.7042 313.5497 0.0115
218.7314 312.6463 0.0114
218.7548 311.8788 0.0114
218.7712 311.3458 0.0114
218.7947 310.5737 0.0113
218.8329 309.3417 0.0113
218.8554 308.6284 0.0112
218.8787 307.8917 0.0112
218.9086 306.9478 0.0112
218.9341 306.1430 0.0111
218.9517 305.5864 0.0111
218.9772 304.7789 0.0111
219.0082 303.7928 0.0110
219.0400 302.7787 0.0110
219.0701 301.8128 0.0109
219.0955 301.0009 0.0109
219.1139 300.4164 0.0109
219.1393 299.6089 0.0108
219.1697 298.6412 0.0108
219.2010 297.6510 0.0107
219.2308 296.7046 0.0107
219.2565 295.8901 0.0106
219.2739 295.3404 0.0106
219.2993 294.5355 0.0106
219.3408 293.2184 0.0105
219.3638 292.4895 0.0105
219.3876 291.7311 0.0105
219.4172 290.7899 0.0104
219.4419 289.9993 0.0104
219.4594 289.4376 0.0104
219.4846 288.6272 0.0103
219.5251 287.3202 0.0103
219.5480 286.5800 0.0102
219.5708 285.8443 0.0102
219.6001 284.8983 0.0102
219.6245 284.1137 0.0101
219.6418 283.5613 0.0101
219.6663 282.7794 0.0101
219.7068 281.4892 0.0100
219.7272 280.7537 0.0100
219.7381 279.9601 0.0099
219.7441 278.8926 0.0099
219.7499 278.4021 0.0099
219.7598 277.7597 0.0098
219.7760 276.7511 0.0098
219.7860 276.1161 0.0098
219.8010 275.1250 0.0097
219.8105 274.4736 0.0097
219.8177 273.9736 0.0097
219.8248 273.4721 0.0097
219.8312 272.7923 0.0096
219.8245 271.2138 0.0096
219.8173 270.1961 0.0095
219.8167 269.5343 0.0095
219.8166 269.0365 0.0095
219.8160 267.8896 0.0094
219.8155 267.3806 0.0094
219.8149 266.8782 0.0094
219.8139 266.2090 0.0094
219.8278 264.6617 0.0093
219.8605 263.6815 0.0093
219.8895 263.0592 0.0092
219.9116 262.5749 0.0092
219.9569 261.4378 0.0092
219.9747 260.9329 0.0091
219.9915 260.4502 0.0091
220.0148 259.7937 0.0091
220.0832 257.9405 0.0090
220.1259 256.8026 0.0090
220.1441 256.3163 0.0090
220.1854 255.2046 0.0089
220.2188 254.2936 0.0089
220.2534 253.1769 0.0088
220.2683 252.6763 0.0088
220.2894 252.0139 0.0088
220.3204 251.0503 0.0088
220.3413 250.3971 0.0087
220.3567 249.9146 0.0087
220.3911 248.8279 0.0087
220.4199 247.9186 0.0086
220.4557 246.7897 0.0086
220.4716 246.2928 0.0086
220.4912 245.6761 0.0086
220.5222 244.7076 0.0085
220.5424 244.0822 0.0085
220.5578 243.6040 0.0085
220.5948 242.4613 0.0084
220.6204 241.5672 0.0084
220.6478 240.4812 0.0084
220.6608 240.0104 0.0083
220.6779 239.4045 0.0083
220.7056 238.4343 0.0083
220.7227 237.8223 0.0083
220.7363 237.3361 0.0082
220.7675 236.2065 0.0082
220.7922 235.3169 0.0082
220.8229 234.2036 0.0081
220.8360 233.7309 0.0081
220.8539 233.0935 0.0081
220.8802 232.1608 0.0081
220.8974 231.5527 0.0080
220.9108 231.0830 0.0080
220.9422 229.9897 0.0080
220.9679 229.0936 0.0079
220.9953 227.8713 0.0079
221.0009 227.3165 0.0079
220.9987 226.5931 0.0079
220.9937 226.0233 0.0078
220.9917 225.4646 0.0078
220.9920 224.7606 0.0078
220.9942 224.1978 0.0078
220.9965 223.6299 0.0078
220.9989 222.9355 0.0077
221.0032 221.1873 0.0077
221.0054 220.0784 0.0076
221.0069 219.3924 0.0076
221.0081 218.8402 0.0076
221.0094 218.3148 0.0076
221.0111 217.6675 0.0075
221.0125 217.1565 0.0075
221.0161 215.9853 0.0075
221.0179 215.4578 0.0075
221.0197 214.9384 0.0075
221.0221 214.2805 0.0074
221.0239 213.7724 0.0074
221.0282 212.6028 0.0074
221.0302 212.0826 0.0074
221.0321 211.5601 0.0073
221.0346 210.8789 0.0073
221.0365 210.3636 0.0073
221.0385 209.8417 0.0073
221.0408 209.1900 0.0073
221.0466 207.5691 0.0072
221.0501 206.5457 0.0072
221.0523 205.9090 0.0072
221.0540 205.4068 0.0071
221.0557 204.8976 0.0071
221.0579 204.2436 0.0071
221.0632 202.6398 0.0071
221.0664 201.6475 0.0070
221.0685 201.0103 0.0070
221.0702 200.5082 0.0070
221.0738 199.4050 0.0070
221.0768 198.4929 0.0069
221.0804 197.3855 0.0069
221.0820 196.9113 0.0069
221.0842 196.2566 0.0069
221.0858 195.7657 0.0068
221.0895 194.6556 0.0068
221.0926 193.7487 0.0068
221.0963 192.6650 0.0067
221.0979 192.1802 0.0067
221.1001 191.5398 0.0067
221.1017 191.0539 0.0067
221.1055 189.9587 0.0067
221.1086 189.0579 0.0066
221.1124 187.9669 0.0066
221.1141 187.4885 0.0066
221.1162 186.8765 0.0066
221.1179 186.3867 0.0066
221.1217 185.2950 0.0065
221.1234 184.8239 0.0065
221.1251 184.3264 0.0065
221.1273 183.6941 0.0065
221.1291 183.1939 0.0065
221.1329 182.1002 0.0064
221.1361 181.1966 0.0064
221.1400 180.0839 0.0064
221.1417 179.6107 0.0064
221.1439 178.9888 0.0063
221.1456 178.5055 0.0063
221.1494 177.4120 0.0063
221.1525 176.5242 0.0063
221.1562 175.4598 0.0063
221.1579 174.9779 0.0062
221.1601 174.3548 0.0062
221.1617 173.8812 0.0062
221.1656 172.7823 0.0062
221.1689 171.8791 0.0062
221.1726 170.8655 0.0061
221.1743 170.4144 0.0061
221.1764 169.8614 0.0061
221.1798 168.9802 0.0061
221.1818 168.4592 0.0061
221.1834 168.0485 0.0061
221.1850 167.6238 0.0060
221.1871 167.0688 0.0060
221.1903 166.2274 0.0060
221.1923 165.6910 0.0060
221.1939 165.2722 0.0060
221.1955 164.8481 0.0060
221.1976 164.3084 0.0060
221.1993 163.8544 0.0059
221.2039 162.7139 0.0059
221.2068 161.9931 0.0059
221.2102 161.1767 0.0059
221.2116 160.8165 0.0059
221.2135 160.3534 0.0059
221.2149 159.9860 0.0058
221.2182 159.1632 0.0058
221.2197 158.7963 0.0058
221.2211 158.4323 0.0058
221.2230 157.9836 0.0058
221.2259 157.3028 0.0058
221.2277 156.8869 0.0058
221.2291 156.5597 0.0058
221.2305 156.2496 0.0058
221.2321 155.8765 0.0057
221.2344 155.3224 0.0057
221.2360 154.9605 0.0057
221.2384 154.4236 0.0057
221.2398 154.0979 0.0057
221.2410 153.8390 0.0057
221.2437 153.2632 0.0057
221.2457 152.8071 0.0057
221.2471 152.4829 0.0057
221.2481 152.2435 0.0057
221.2492 152.0053 0.0056
221.2506 151.7036 0.0056
221.2527 151.2643 0.0056
221.2541 150.9798 0.0056
221.2561 150.5637 0.0056
221.2573 150.2832 0.0056
221.2582 150.0729 0.0056
221.2602 149.6137 0.0056
221.2611 149.4091 0.0056
221.2632 148.9153 0.0056
221.2648 148.5371 0.0056
221.2640 148.0696 0.0056
221.2609 147.8619 0.0056
221.2541 147.5940 0.0055
221.2364 147.1837 0.0055
221.2212 146.9067 0.0055
221.2017 146.4864 0.0055
221.1926 146.2128 0.0055
221.1821 145.8021 0.0055
221.1762 145.5354 0.0055
221.1717 145.3258 0.0055
221.1613 144.8389 0.0055
221.1530 144.4426 0.0055
221.1430 143.9528 0.0055
221.1388 143.7416 0.0055
221.1335 143.4665 0.0054
221.1209 142.7992 0.0054
221.1170 142.5925 0.0054
221.1118 142.3780 0.0054
221.1023 142.0946 0.0054
221.0660 141.4107 0.0054
221.0352 140.9866 0.0054
221.0152 140.7024 0.0054
220.9781 140.0348 0.0054
220.9589 139.6207 0.0054
220.9452 139.3442 0.0053
220.9024 138.6736 0.0053
220.8656 138.2518 0.0053
220.8409 137.9687 0.0053
220.7919 137.3153 0.0053
220.7659 136.9079 0.0053
220.7488 136.6409 0.0053
220.6975 135.9796 0.0053
220.6552 135.5600 0.0053
220.6234 135.2953 0.0053
220.5699 134.8794 0.0052
220.5351 134.5996 0.0052
220.5104 134.3912 0.0052
220.4617 133.9227 0.0052
220.4417 133.7141 0.0052
220.3969 133.2405 0.0052
220.3781 133.0406 0.0052
220.3590 132.8374 0.0052
220.3332 132.5609 0.0052
220.2743 131.9240 0.0052
220.2375 131.5217 0.0052
220.2129 131.2512 0.0052
220.1773 130.8578 0.0051
220.1540 130.5996 0.0051
220.1355 130.3953 0.0051
220.0938 129.9327 0.0051
220.0770 129.7462 0.0051
220.0399 129.3339 0.0051
220.0245 129.1625 0.0051
220.0087 128.9868 0.0051
219.9894 128.7710 0.0051
219.9431 128.2588 0.0051
219.9138 127.9360 0.0051
219.8947 127.7254 0.0051
219.8486 127.2172 0.0051
219.8200 126.9010 0.0050
219.8002 126.6826 0.0050
219.7546 126.1803 0.0050
219.7254 125.8579 0.0050
219.7067 125.6518 0.0050
219.6780 125.3315 0.0050
219.6629 125.1239 0.0050
219.6535 124.9625 0.0050
219.6380 124.6091 0.0050
219.6312 124.4503 0.0050
219.6096 124.0867 0.0050
219.5984 123.9301 0.0050
219.5871 123.7753 0.0050
219.5718 123.5682 0.0050
219.5310 123.0782 0.0050
219.4969 122.7563 0.0050
219.4714 122.5465 0.0050
219.4329 122.2226 0.0049
219.4105 122.0106 0.0049
219.3946 121.8468 0.0049
219.3609 121.4877 0.0049
219.3465 121.3333 0.0049
219.3320 121.1782 0.0049
219.3135 120.9802 0.0049
219.2662 120.4706 0.0049
219.2326 120.1123 0.0049
219.2159 119.9361 0.0049
219.2039 119.8087 0.0049
219.1777 119.5339 0.0049
219.1672 119.4201 0.0049
219.1586 119.3081 0.0049
219.1507 119.1610 0.0049
219.1344 118.8080 0.0049
219.1185 118.5888 0.0049
219.1058 118.4409 0.0049
219.0757 118.0906 0.0049
219.0605 117.8666 0.0048
219.0532 117.7196 0.0048
219.0456 117.5005 0.0048
219.0404 117.3608 0.0048
219.0354 117.2476 0.0048
219.0198 116.9949 0.0048
219.0119 116.8889 0.0048
219.0031 116.7745 0.0048
218.9915 116.6255 0.0048
218.9750 116.4090 0.0048
218.9635 116.2665 0.0048
218.9295 115.9271 0.0048
218.9009 115.7079 0.0048
218.8810 115.5649 0.0048
218.8531 115.3460 0.0048
218.8382 115.2071 0.0048
218.8284 115.1022 0.0048
218.8104 114.8508 0.0048
218.8052 114.7430 0.0048
218.8014 114.6342 0.0048
218.7986 114.4904 0.0048
218.8004 114.1669 0.0048
218.8023 113.9549 0.0048
218.8016 113.8219 0.0048
218.7997 113.6181 0.0048
218.7999 113.4822 0.0048
218.8013 113.3823 0.0048
218.8091 113.1423 0.0048
218.8128 113.0402 0.0048
218.8173 112.8027 0.0047
218.8168 112.6996 0.0047
218.8148 112.5999 0.0047
218.8103 112.4666 0.0047
218.7961 112.1445 0.0047
218.7873 111.9404 0.0047
218.7817 111.8074 0.0047
218.7677 111.4708 0.0047
218.7618 111.2679 0.0047
218.7605 111.1332 0.0047
218.7630 110.9339 0.0047
218.7672 110.8045 0.0047
218.7714 110.7044 0.0047
218.7790 110.4738 0.0047
218.7804 110.3734 0.0047
218.7813 110.2735 0.0047
218.7826 110.1397 0.0047
218.7926 109.8284 0.0047
218.8056 109.6388 0.0047
218.8153 109.5143 0.0047
218.8341 109.2108 0.0047
218.8393 109.0197 0.0047
218.8400 108.8925 0.0047
218.8387 108.5868 0.0047
218.8382 108.3909 0.0047
218.8381 108.2666 0.0047
218.8379 108.0740 0.0047
218.8377 107.9475 0.0047
218.8374 107.8517 0.0047
218.8367 107.6355 0.0047
218.8364 107.5374 0.0047
218.8357 107.3216 0.0047
218.8355 107.2274 0.0047
218.8352 107.1300 0.0047
218.8350 107.0015 0.0046
218.8346 106.6674 0.0046
218.8371 106.4484 0.0046
218.8410 106.3039 0.0046
218.8508 106.0933 0.0046
218.8593 105.9545 0.0046
218.8656 105.8463 0.0046
218.8756 105.6035 0.0046
218.8778 105.4962 0.0046
218.8792 105.3879 0.0046
218.8805 105.2487 0.0046
218.8840 104.9163 0.0046
218.8869 104.7053 0.0046
218.8892 104.5683 0.0046
218.8956 104.3588 0.0046
218.9021 104.2261 0.0046
218.9086 104.1236 0.0046
218.9266 103.8920 0.0046
218.9342 103.7906 0.0046
218.9469 103.5609 0.0046
218.9502 103.4575 0.0046
218.9528 103.3534 0.0046
218.9555 103.2201 0.0046
218.9664 102.8993 0.0046
218.9802 102.6919 0.0046
218.9922 102.5555 0.0046
219.0109 102.3589 0.0046
219.0215 102.2269 0.0046
219.0280 102.1249 0.0046
219.0379 101.8893 0.0046
219.0412 101.7878 0.0046
219.0446 101.6846 0.0046
219.0492 101.5536 0.0046
219.0614 101.2363 0.0046
219.0690 101.0360 0.0046
219.0731 100.8980 0.0046
219.0772 100.6987 0.0046
219.0800 100.5665 0.0046
219.0825 100.4690 0.0046
219.0896 100.2459 0.0045
219.0933 100.1390 0.0045
219.0972 100.0283 0.0045
219.1017 99.9030 0.0045
219.1120 99.6035 0.0045
219.1183 99.4095 0.0045
219.1217 99.2735 0.0045
219.1234 99.0760 0.0045
219.1237 98.9461 0.0045
219.1245 98.8518 0.0045
219.1295 98.6294 0.0045
219.1325 98.5352 0.0045
219.1358 98.4386 0.0045
219.1402 98.3123 0.0045
219.1495 98.0103 0.0045
219.1550 97.8211 0.0045
219.1589 97.6915 0.0045
219.1644 97.5049 0.0045
219.1682 97.3836 0.0045
219.1710 97.2895 0.0045
219.1777 97.0729 0.0045
219.1806 96.9778 0.0045
219.1871 96.7681 0.0045
219.1900 96.6731 0.0045
219.1928 96.5793 0.0045
219.1964 96.4574 0.0045
219.2014 96.1621 0.0045
219.2006 95.9754 0.0045
219.1997 95.8503 0.0045
219.2019 95.5520 0.0045
219.2063 95.3736 0.0045
219.2095 95.2580 0.0045
219.2168 94.9691 0.0045
219.2210 94.7871 0.0045
219.2238 94.6647 0.0045
219.2308 94.3764 0.0045
219.2352 94.2017 0.0045
219.2382 94.0840 0.0045
219.2455 93.7981 0.0045
219.2500 93.6204 0.0045
219.2528 93.5052 0.0045
219.2598 93.2252 0.0044
219.2641 93.0475 0.0044
219.2671 92.9242 0.0044
219.2739 92.6418 0.0044
219.2785 92.4526 0.0044
219.2816 92.3238 0.0044
219.2863 92.1234 0.0044
219.2898 91.9817 0.0044
219.2924 91.8723 0.0044
219.2982 91.6222 0.0044
219.3009 91.5092 0.0044
219.3073 91.2442 0.0044
219.3101 91.1314 0.0044
219.3129 91.0158 0.0044
219.3165 90.8684 0.0044
219.3254 90.5129 0.0044
219.3282 90.3993 0.0044
219.3310 90.2869 0.0044
219.3346 90.1391 0.0044
219.3434 89.7833 0.0044
219.3489 89.5567 0.0044
219.3527 89.4018 0.0044
219.3616 89.0295 0.0044
219.3674 88.7871 0.0044
219.3712 88.6294 0.0044
219.3808 88.2350 0.0044
219.3867 87.9933 0.0044
219.3907 87.8285 0.0044
219.4000 87.4465 0.0044
219.4059 87.2023 0.0044
219.4099 87.0386 0.0044
219.4157 86.8015 0.0044
219.4195 86.6431 0.0044
219.4224 86.5214 0.0044
219.4290 86.2474 0.0044
219.4318 86.1288 0.0044
219.4383 85.8565 0.0043
219.4412 85.7341 0.0043
219.4480 85.4480 0.0043
219.4510 85.3224 0.0043
219.4540 85.1947 0.0043
219.4580 85.0288 0.0043
219.4674 84.6370 0.0043
219.4731 84.3975 0.0043
219.4769 84.2368 0.0043
219.4863 83.8468 0.0043
219.4921 83.6008 0.0043
219.4962 83.4287 0.0043
219.5057 83.0179 0.0043
219.5119 82.7531 0.0043
219.5160 82.5773 0.0043
219.5257 82.1613 0.0043
219.5321 81.8920 0.0043
219.5363 81.7130 0.0043
219.5426 81.4459 0.0043
219.5468 81.2710 0.0043
219.5498 81.1402 0.0043
219.5570 80.8360 0.0043
219.5600 80.7058 0.0043
219.5671 80.4013 0.0043
219.5704 80.2681 0.0043
219.5745 80.1386 0.0043
219.5817 79.9685 0.0043
219.6101 79.5600 0.0043
219.6349 79.3105 0.0043
219.6541 79.1512 0.0043
219.7081 78.7603 0.0043
219.7388 78.5148 0.0043
219.7568 78.3458 0.0043
219.7904 77.9480 0.0043
219.8111 77.6975 0.0043
219.8313 77.4969 0.0043
219.8591 77.2639 0.0043
219.8811 77.1043 0.0043
219.8993 76.9847 0.0043
219.9472 76.7070 0.0043
219.9692 76.5888 0.0042
220.0213 76.3058 0.0042
220.0417 76.1898 0.0042
220.0619 76.0731 0.0042
220.0893 75.9177 0.0042
220.1642 75.5434 0.0042
220.2193 75.3107 0.0042
220.2583 75.1614 0.0042
220.3634 74.8109 0.0042
220.4381 74.5882 0.0042
220.4908 74.4327 0.0042
220.6031 74.0858 0.0042
220.6724 73.8502 0.0042
220.7170 73.6880 0.0042
220.8178 73.2923 0.0042
220.8785 73.0283 0.0042
220.9189 72.8439 0.0042
221.0132 72.4014 0.0042
221.0743 72.1100 0.0042
221.1154 71.9126 0.0042
221.2173 71.4427 0.0042
221.2895 71.1449 0.0042
221.3388 70.9573 0.0042
221.4171 70.6648 0.0042
221.4662 70.4734 0.0042
221.5017 70.3278 0.0042
221.5833 69.9821 0.0042
221.6173 69.8351 0.0042
221.6953 69.4963 0.0042
221.7289 69.3500 0.0042
221.7627 69.2026 0.0042
221.8083 69.0036 0.0042
221.9139 68.5411 0.0042
221.9825 68.2388 0.0042
222.0268 68.0428 0.0042
222.1379 67.5508 0.0042
222.2083 67.2381 0.0042
222.2552 67.0296 0.0042
222.3711 66.5156 0.0042
222.4449 66.1894 0.0042
222.4946 65.9695 0.0042
222.6111 65.4546 0.0042
222.6844 65.1297 0.0042
222.7343 64.9077 0.0042
222.8555 64.3687 0.0042
222.9329 64.0241 0.0042
222.9824 63.8048 0.0042
223.1026 63.2710 0.0042
223.1789 62.9331 0.0042
223.2284 62.7134 0.0042
223.3523 62.1638 0.0042
223.4276 61.8296 0.0042
223.4807 61.5938 0.0042
223.5998 61.0641 0.0042
223.6751 60.7293 0.0042
223.7261 60.5025 0.0042
223.8452 59.9726 0.0042
223.9194 59.6419 0.0042
223.9686 59.4194 0.0042
224.0762 58.8911 0.0042
224.1371 58.5486 0.0042
224.1733 58.3204 0.0042
224.2460 57.7766 0.0042
224.2881 57.4224 0.0042
224.3162 57.1959 0.0042
224.3614 56.8543 0.0042
224.3946 56.6292 0.0042
224.4193 56.4644 0.0042
224.4718 56.0932 0.0042
224.4925 55.9286 0.0042
224.5348 55.5394 0.0042
224.5503 55.3756 0.0042
224.5660 55.2043 0.0042
224.5870 54.9834 0.0042
224.6425 54.4665 0.0042
224.6633 54.2960 0.0042
224.6844 54.1329 0.0042
224.7141 53.9111 0.0042
224.7827 53.4064 0.0042
224.8253 53.0864 0.0042
224.8513 52.8730 0.0042
224.9038 52.3492 0.0042
224.9284 52.0197 0.0042
224.9411 51.7837 0.0042
224.9551 51.2595 0.0042
224.9585 50.9363 0.0042
224.9613 50.7122 0.0042
224.9725 50.2022 0.0042
224.9866 49.8844 0.0042
224.9986 49.6768 0.0042
225.0311 49.1724 0.0042
225.0528 48.8557 0.0042
225.0670 48.6540 0.0042
225.1030 48.1552 0.0041
225.1256 47.8502 0.0041
225.1407 47.6463 0.0041
225.1783 47.1382 0.0041
225.2012 46.8266 0.0041
225.2160 46.6220 0.0041
225.2384 46.3115 0.0041
225.2526 46.1131 0.0041
224.7050 49.5788 0.0041
224.3399 45.8769 0.0041
223.9642 42.0086 0.0041
223.3250 37.6216 0.0040
222.3546 33.1903 0.0040
221.2149 29.0097 0.0039
219.9796 24.9712 0.0038
218.7939 21.3174 0.0038
217.6556 18.2907 0.0037
215.8391 13.7299 0.0037
214.0533 10.0084 0.0036
212.2339 6.2021 0.0035
210.5558 2.6726 0.0035
208.6735 -1.2970 0.0034
207.2390 -4.3026 0.0034
205.8981 -7.0701 0.0033
204.0777 -10.3990 0.0033
202.1395 -13.3355 0.0032
200.3050 -15.6912 0.0032
198.6723 -17.6868 0.0031
196.8126 -19.9609 0.0031
195.1570 -21.9369 0.0030
193.8157 -23.5128 0.0030
192.4693 -24.8859 0.0029
191.2145 -25.9154 0.0029
189.2920 -27.3463 0.0029
187.6901 -28.6511 0.0028
186.1411 -29.9389 0.0028
184.6491 -31.1685 0.0027
183.4638 -32.0918 0.0027
181.4878 -33.6801 0.0027
179.8600 -34.9713 0.0026
177.8248 -36.3873 0.0026
176.5054 -37.3375 0.0025
174.8926 -38.5035 0.0025
172.9139 -39.7895 0.0025
171.0577 -41.0231 0.0024
169.0459 -42.3181 0.0024
167.3124 -43.2942 0.0023
165.8400 -44.1626 0.0023
164.0127 -45.1234 0.0023
162.4679 -46.0244 0.0022
160.6114 -47.1204 0.0022
158.7342 -48.1956 0.0022
157.0203 -49.1416 0.0021
155.3592 -50.0776 0.0021
152.8626 -51.4939 0.0020
150.7779 -52.6844 0.0020
148.2819 -54.1135 0.0020
146.9317 -54.7336 0.0019
146.3181 -54.6811 0.0019
145.9893 -54.9279 0.0019
145.7404 -55.1807 0.0019
145.2421 -55.5246 0.0019
144.5631 -55.9674 0.0019
143.6271 -56.4855 0.0019
142.5869 -57.0888 0.0018
141.3369 -57.8080 0.0018
140.3480 -58.4112 0.0018
139.2762 -59.0661 0.0018
137.6277 -60.0146 0.0018
135.9698 -60.9886 0.0017
134.3457 -61.8885 0.0017
132.1137 -63.1532 0.0017
130.4867 -64.0033 0.0017
128.8182 -64.9089 0.0016
126.1756 -66.3554 0.0016
123.9600 -67.5749 0.0016
121.4632 -68.9491 0.0015
119.0102 -70.2991 0.0015
116.4897 -71.6219 0.0015
114.2539 -72.8028 0.0014
111.0797 -74.5736 0.0014
108.1604 -76.3263 0.0014
104.9922 -78.1990 0.0013
101.0936 -80.3581 0.0013
98.7917 -81.5975 0.0013
95.9186 -83.1526 0.0013
92.6736 -84.9408 0.0012
89.5012 -86.8427 0.0012
86.8147 -88.4234 0.0012
84.4036 -89.8325 0.0012
81.2685 -91.6576 0.0012
78.8082 -93.0889 0.0012
76.8290 -94.2451 0.0012
74.8262 -95.3311 0.0012
72.6463 -96.4527 0.0011
71.0640 -97.2411 0.0011
69.2166 -97.9948 0.0011
67.2618 -98.7553 0.0011
65.2696 -99.3219 0.0011
63.0781 -99.8480 0.0011
61.1379 -100.3945 0.0011
59.3780 -100.9009 0.0011
57.2299 -101.4264 0.0011
55.0780 -101.8329 0.0011
52.8690 -102.2954 0.0010
50.8767 -102.6413 0.0010
49.0272 -102.9118 0.0010
46.8019 -103.0098 0.0010
44.6147 -102.9406 0.0010
42.4723 -102.9642 0.0010
40.4224 -102.9645 0.0010
38.2537 -102.7138 0.0009
36.6372 -102.3494 0.0009
34.8884 -101.9162 0.0009
33.4094 -101.5991 0.0009
32.2029 -101.3559 0.0009
31.4205 -101.2008 0.0009
31.0455 -101.1187 0.0009
30.8463 -101.0752 0.0009
30.6655 -101.0351 0.0009
