4.0447 -74.1340 0.0004
4.0634 -74.1559 0.0004
4.0816 -74.1772 0.0004
4.0992 -74.1978 0.0004
4.1173 -74.2187 0.0004
4.0251 -74.1076 0.0004
3.7774 -73.8124 0.0004
3.4583 -73.4330 0.0004
2.9676 -72.8479 0.0004
2.4896 -72.2180 0.0004
1.9188 -71.5199 0.0004
1.4063 -70.9358 0.0004
0.8515 -70.1282 0.0004
0.1388 -69.1325 0.0004
-0.5219 -68.1547 0.0004
-1.0804 -67.2141 0.0004
-1.9385 -65.7301 0.0003
-2.7125 -64.2561 0.0003
-3.6526 -62.6172 0.0003
-4.7512 -60.5474 0.0003
-5.5985 -58.9429 0.0003
-6.4181 -57.2448 0.0003
-7.4875 -54.9318 0.0002
-8.4527 -52.9189 0.0002
-9.5088 -50.7188 0.0002
-10.4295 -48.7942 0.0002
-11.3517 -46.8660 0.0002
-12.2705 -44.9456 0.0002
-13.4361 -42.5305 0.0002
-14.6557 -40.3528 0.0001
-15.9613 -38.1284 0.0001
-17.1696 -36.3560 0.0001
-18.2824 -34.6861 0.0001
-19.9271 -32.5316 0.0001
-21.3241 -30.7069 0.0001
-23.0371 -28.5017 0.0001
-24.7560 -26.2872 0.0001
-26.7512 -23.9564 0.0001
-28.5585 -21.9704 0.0001
-30.1713 -20.2696 0.0001
-32.4441 -18.0307 0.0001
-34.4253 -16.0786 0.0001
-36.5530 -13.9684 0.0001
-38.4505 -12.0812 0.0001
-39.9475 -10.5888 0.0001
-42.0501 -8.4832 0.0001
-43.6535 -6.8740 0.0002
-45.2670 -5.2577 0.0002
-46.7131 -3.7982 0.0002
-47.7189 -2.7800 0.0002
-48.7827 -1.7000 0.0002
-49.9875 -0.2877 0.0002
-51.1017 0.9788 0.0002
-52.2143 2.3556 0.0002
-53.2404 3.6329 0.0002
-54.3074 5.0117 0.0002
-55.3068 6.2504 0.0002
-56.1634 7.3515 0.0003
-57.2526 8.8367 0.0003
-58.2458 10.1927 0.0003
-59.3092 11.6223 0.0003
-60.4355 13.1413 0.0003
-61.4070 14.4537 0.0003
-62.4579 15.8730 0.0003
-63.5716 17.4751 0.0003
-64.6138 18.9496 0.0004
-65.7400 20.5326 0.0004
-66.9814 22.2756 0.0004
-68.0410 23.7623 0.0004
-69.0453 25.1754 0.0004
-70.3096 26.9582 0.0004
-71.5516 28.7097 0.0005
-72.7749 30.4332 0.0005
-73.9767 32.1304 0.0005
-75.2357 33.9091 0.0005
-76.5294 35.7390 0.0006
-77.8495 37.6589 0.0006
-78.9297 39.2198 0.0006
-79.8593 40.7185 0.0006
-81.1151 42.6957 0.0007
-82.1162 44.4872 0.0007
-83.0440 46.2358 0.0007
-83.8917 48.2406 0.0007
-84.8165 50.3476 0.0008
-85.3473 51.7608 0.0008
-86.0713 53.5705 0.0008
-86.8494 55.4685 0.0008
-87.5688 57.2134 0.0009
-88.5079 59.6023 0.0009
-89.0556 61.1608 0.0009
-89.6462 62.9320 0.0009
-90.2268 65.2364 0.0010
-90.7383 67.1791 0.0010
-91.1979 69.3220 0.0010
-91.6234 71.5131 0.0011
-91.8054 73.1334 0.0011
-91.9705 74.9474 0.0011
-92.0825 77.1893 0.0011
-92.2417 79.0442 0.0012
-92.4237 81.0509 0.0012
-92.6037 83.0412 0.0012
-92.8063 85.3503 0.0012
-92.8994 87.3748 0.0013
-93.0444 89.6904 0.0013
-93.1372 91.4870 0.0013
-93.1007 93.2410 0.0014
-93.0174 95.5739 0.0014
-92.8736 97.6466 0.0014
-92.7269 100.0144 0.0015
-92.4969 101.6158 0.0015
-92.2527 103.3030 0.0015
-91.8574 105.4585 0.0015
-91.5156 107.3086 0.0016
-91.0972 109.4148 0.0016
-90.6738 111.3310 0.0016
-90.1673 113.1922 0.0016
-89.7392 114.7923 0.0017
-89.2657 116.4559 0.0017
-88.7483 118.2182 0.0017
-88.0753 120.0898 0.0017
-87.3451 121.9971 0.0018
-86.5561 123.8480 0.0018
-85.8703 125.4513 0.0018
-85.2729 126.9085 0.0018
-84.4232 128.9906 0.0019
-83.6707 130.7281 0.0019
-82.7142 132.6352 0.0019
-81.8452 134.3993 0.0019
-80.7233 136.5142 0.0020
-79.6677 138.3334 0.0020
-78.8102 139.7479 0.0020
-77.9378 141.1076 0.0020
-76.6985 143.0040 0.0021
-75.5940 144.5901 0.0021
-74.4670 146.2312 0.0021
-73.5410 147.5935 0.0021
-72.4478 149.0611 0.0022
-70.8466 150.8480 0.0022
-69.4606 152.4170 0.0022
-68.0152 153.9082 0.0022
-66.4609 155.4622 0.0022
-64.9423 156.9423 0.0023
-63.5505 158.3479 0.0023
-62.1756 159.7391 0.0023
-60.9244 160.9215 0.0023
-59.1457 162.3903 0.0023
-57.3214 163.8773 0.0024
-55.3961 165.2183 0.0024
-54.0601 166.2017 0.0024
-52.7465 167.1868 0.0024
-50.8547 168.6071 0.0024
-49.1109 169.7327 0.0025
-47.4674 170.7712 0.0025
-45.5003 171.9974 0.0025
-43.7025 173.1006 0.0025
-42.3073 173.8285 0.0025
-40.8249 174.5325 0.0025
-38.7985 175.3171 0.0025
-37.0153 176.0192 0.0025
-35.0063 176.8634 0.0026
-32.8904 177.7597 0.0026
-31.1561 178.4936 0.0026
-29.4894 179.2007 0.0026
-27.1587 180.2598 0.0026
-25.0859 181.2004 0.0026
-23.0476 182.1946 0.0027
-21.1437 183.1764 0.0027
-19.4300 184.1208 0.0027
-17.9747 184.9952 0.0027
-15.8200 186.3782 0.0028
-14.1183 187.4808 0.0028
-12.2950 188.7900 0.0028
-10.9182 189.8018 0.0028
-9.5079 190.9223 0.0029
-7.6495 192.3209 0.0029
-5.9327 193.7014 0.0030
-4.3163 195.2214 0.0030
-2.5837 196.8839 0.0030
-0.9721 198.5609 0.0031
0.3080 199.8942 0.0031
1.5382 201.3492 0.0032
3.0346 203.1490 0.0032
4.2029 204.8679 0.0033
5.4189 206.7118 0.0034
6.5113 208.4048 0.0034
7.7306 210.2110 0.0035
9.0587 212.3952 0.0036
9.9305 214.1945 0.0036
10.7859 215.9640 0.0037
11.8347 218.0153 0.0037
12.9464 220.3453 0.0038
13.9089 222.7975 0.0039
14.8506 225.3202 0.0040
15.4021 227.1927 0.0041
15.9587 229.1547 0.0041
16.4834 231.7596 0.0042
16.9104 233.9389 0.0043
17.3778 236.6521 0.0044
17.7242 238.5517 0.0045
17.9408 240.4802 0.0046
18.1232 243.2108 0.0047
18.0440 245.5448 0.0048
17.9924 248.0743 0.0049
17.9938 249.9027 0.0049
18.0047 252.0262 0.0050
18.0452 254.7961 0.0051
18.0791 257.6488 0.0052
18.1109 260.1119 0.0053
18.1328 262.8102 0.0055
18.0702 266.1638 0.0056
18.0440 268.8690 0.0057
17.9215 271.9394 0.0058
17.7830 274.7902 0.0060
17.5583 277.9678 0.0061
17.3950 280.6908 0.0062
17.3422 282.9953 0.0063
17.2679 286.4043 0.0065
17.1872 289.5010 0.0066
17.1137 292.9980 0.0068
17.1569 295.4766 0.0069
17.1812 298.0363 0.0070
17.1279 301.4702 0.0072
17.0442 304.4117 0.0073
16.9436 307.6722 0.0075
16.8724 310.5238 0.0076
16.8138 312.9613 0.0077
16.7293 316.3413 0.0079
16.6589 319.2935 0.0080
16.5917 322.1140 0.0082
16.5676 325.2255 0.0083
16.7135 328.0559 0.0085
16.8309 331.3002 0.0087
16.9138 333.6519 0.0088
17.1081 336.0741 0.0089
17.4259 339.1360 0.0091
17.8145 342.2241 0.0092
18.3934 344.7543 0.0094
19.2500 347.5659 0.0095
19.8566 349.7859 0.0097
20.4984 352.1755 0.0098
21.2421 354.8720 0.0099
22.1481 357.4078 0.0101
23.1895 360.0233 0.0102
24.1114 362.2493 0.0104
24.9802 364.1975 0.0105
26.1873 366.9673 0.0106
27.2200 369.1140 0.0108
28.3184 371.4672 0.0109
29.7134 373.9674 0.0111
30.8019 375.8065 0.0112
31.9345 377.6135 0.0113
33.3881 379.8525 0.0114
34.8030 381.8861 0.0116
36.1201 383.7986 0.0117
37.6040 385.9652 0.0118
39.0523 387.9857 0.0120
40.5726 390.0839 0.0121
41.6726 391.6336 0.0122
42.8501 393.6055 0.0123
43.9190 395.5160 0.0125
45.0536 397.4386 0.0126
46.2181 399.4434 0.0127
47.3031 401.7275 0.0129
48.1763 404.2866 0.0130
48.6861 406.2004 0.0132
49.3005 408.2248 0.0133
50.1240 410.7957 0.0135
50.7638 412.8710 0.0136
51.2416 414.9321 0.0137
51.8259 417.4566 0.0139
52.3152 419.8608 0.0141
52.7045 422.4365 0.0142
53.0649 424.6535 0.0144
53.2412 426.5600 0.0145
53.3525 429.2910 0.0147
53.1969 431.4719 0.0149
53.0114 433.7215 0.0150
52.9568 436.1267 0.0152
53.0743 438.3208 0.0153
53.1396 440.5811 0.0155
53.1169 442.9824 0.0157
53.0816 444.9743 0.0158
53.0634 446.8295 0.0159
53.0477 449.1301 0.0161
53.0093 451.4751 0.0162
52.9557 454.0096 0.0164
52.9218 455.8920 0.0166
52.8814 458.3451 0.0167
52.7410 460.8882 0.0169
52.6349 463.0527 0.0171
52.5375 465.1464 0.0172
52.4157 467.8368 0.0174
52.3145 470.0606 0.0176
52.2000 472.6078 0.0178
52.0841 475.1954 0.0180
52.0175 477.4754 0.0181
51.9471 479.3125 0.0183
51.8434 481.9515 0.0185
51.7513 484.4368 0.0187
51.6620 486.9134 0.0189
51.5668 489.5185 0.0191
51.4953 491.4536 0.0192
51.4290 493.2536 0.0193
51.3242 496.1472 0.0196
51.2420 498.4691 0.0197
51.1572 500.8609 0.0199
51.0868 502.8396 0.0201
51.0208 504.6902 0.0202
50.9277 507.2442 0.0204
50.8498 509.3618 0.0206
50.7678 511.6139 0.0208
50.6806 514.0425 0.0210
50.6191 515.6941 0.0211
50.5689 516.9993 0.0212
50.4439 518.7147 0.0214
50.3076 520.2919 0.0215
50.1739 521.9208 0.0216
49.9861 523.3529 0.0217
49.6004 525.0086 0.0219
49.2543 526.7066 0.0220
49.0117 528.0607 0.0221
48.7137 529.7329 0.0223
48.2595 531.6113 0.0224
47.7486 533.5129 0.0226
47.1156 535.6722 0.0227
46.6697 537.2252 0.0229
46.1772 538.5709 0.0230
45.4414 540.5501 0.0231
44.7698 542.3245 0.0233
44.1235 544.1053 0.0234
43.2493 546.1035 0.0236
42.3867 547.8461 0.0237
41.7439 549.1850 0.0239
40.7035 551.2858 0.0240
39.7019 553.0195 0.0242
38.3774 554.8560 0.0243
37.5544 556.0777 0.0244
36.4936 557.5915 0.0246
35.3386 559.2336 0.0247
34.1094 560.7606 0.0248
32.9270 562.1364 0.0249
31.8471 563.4495 0.0250
30.8115 564.5738 0.0251
29.3966 566.0964 0.0253
28.1820 567.3818 0.0254
26.8618 568.7460 0.0255
25.3397 570.0066 0.0256
24.2110 570.8680 0.0257
23.0246 571.7187 0.0257
21.4618 572.9526 0.0258
20.0571 574.2120 0.0260
18.6946 575.4080 0.0261
17.2740 576.6192 0.0262
15.6989 577.9662 0.0263
14.0286 579.5159 0.0264
12.8743 580.6256 0.0265
11.4946 581.9656 0.0266
10.1344 583.5657 0.0268
8.7441 585.2237 0.0269
7.3557 586.8452 0.0271
6.4523 588.1149 0.0272
5.6294 589.4530 0.0273
4.3530 591.3359 0.0275
3.3270 592.7841 0.0276
2.1546 594.5229 0.0278
0.9739 596.6092 0.0280
0.1540 597.9850 0.0281
-0.7555 599.5734 0.0283
-1.6392 601.5602 0.0285
-2.4024 603.3454 0.0286
-3.1715 605.0403 0.0288
-3.9726 607.2592 0.0290
-4.4857 608.7334 0.0291
-4.9469 610.1498 0.0293
-5.5135 612.1785 0.0295
-6.0159 614.0451 0.0297
-6.4029 615.9372 0.0298
-6.6842 617.5154 0.0300
-6.8364 619.1474 0.0301
-7.0597 620.9825 0.0303
-7.3105 622.7472 0.0305
-7.5730 624.5868 0.0307
-7.7677 626.5837 0.0309
-7.9846 628.5657 0.0311
-8.1456 629.9795 0.0312
-8.2797 631.5654 0.0314
-8.3929 633.6886 0.0316
-8.5207 635.4112 0.0318
-8.6673 637.3326 0.0319
-8.8309 639.4587 0.0322
-9.0000 641.6699 0.0324
-9.1503 644.2523 0.0326
-9.2517 646.0269 0.0328
-9.3769 648.1534 0.0330
-9.5154 650.4223 0.0333
-9.6516 652.6153 0.0335
-9.8059 655.1383 0.0338
-9.9571 657.7469 0.0340
-10.0803 659.8868 0.0342
-10.2015 661.9753 0.0345
-10.4505 664.6112 0.0347
-10.6755 666.9878 0.0350
-10.9664 669.4373 0.0352
-11.4222 672.1949 0.0355
-11.6616 673.7770 0.0357
-12.1244 676.0226 0.0359
-12.6232 678.1676 0.0362
-13.0886 680.4168 0.0364
-13.5527 682.7165 0.0367
-14.0745 685.1090 0.0369
-14.5999 686.8942 0.0371
-15.1424 688.9416 0.0373
-15.7003 691.0194 0.0376
-16.3605 692.9955 0.0378
-17.0890 695.1306 0.0380
-17.7303 697.1210 0.0382
-18.4241 699.2786 0.0385
-19.1988 701.4911 0.0387
-19.8799 703.2246 0.0389
-20.6281 705.2692 0.0391
-21.5033 707.3757 0.0394
-22.7091 709.5990 0.0396
-23.6372 711.4524 0.0398
-24.5077 713.2616 0.0400
-25.2840 714.8957 0.0402
-26.4976 717.1382 0.0405
-27.6214 719.1879 0.0407
-28.8940 721.5548 0.0410
-29.7868 723.1320 0.0412
-30.8141 724.7859 0.0414
-32.2062 726.9980 0.0416
-33.3961 728.6947 0.0418
-34.6694 730.5072 0.0421
-35.9241 732.3000 0.0423
-37.3250 734.1203 0.0425
-38.7378 735.8937 0.0427
-39.8628 737.2824 0.0429
-41.2837 738.8833 0.0431
-42.6410 740.4222 0.0432
-44.1124 741.8865 0.0434
-45.7151 743.4713 0.0436
-46.8192 744.5614 0.0438
-48.3623 746.1042 0.0440
-49.8520 747.5998 0.0441
-51.2612 749.0841 0.0443
-52.9304 750.8456 0.0445
-54.4264 752.4457 0.0448
-55.5958 753.6956 0.0449
-56.9769 755.1647 0.0451
-58.4027 756.7652 0.0453
-59.6855 758.3505 0.0455
-60.9653 759.9807 0.0457
-62.1283 761.5526 0.0459
-63.2614 763.2344 0.0461
-64.3341 764.9773 0.0463
-65.4038 766.7872 0.0466
-66.3195 768.5753 0.0468
-67.1152 770.1542 0.0470
-67.8188 771.7642 0.0472
-68.7508 773.8814 0.0475
-69.7603 776.0754 0.0477
-70.8013 778.2948 0.0480
-71.6675 780.1506 0.0483
-72.5385 782.0551 0.0485
-73.6363 784.6395 0.0488
-74.6023 786.8563 0.0491
-75.7011 789.3672 0.0494
-76.7373 791.7264 0.0497
-77.6660 793.8447 0.0500
-78.5526 795.8754 0.0503
-79.4908 798.0288 0.0506
-80.2561 799.8907 0.0508
-80.9703 801.6448 0.0510
-81.7714 803.7524 0.0513
-82.4386 805.6215 0.0516
-82.7938 806.9062 0.0517
-83.1916 808.6132 0.0520
-83.6460 810.5435 0.0522
-84.1009 812.2739 0.0524
-84.6020 814.1608 0.0527
-84.9380 816.0048 0.0529
-85.1861 817.3789 0.0531
-85.4498 818.7878 0.0533
-85.7347 820.6768 0.0535
-85.9521 822.4891 0.0538
-86.0095 824.3589 0.0540
-86.0937 825.6439 0.0542
-86.2056 827.0601 0.0544
-86.3609 829.0257 0.0546
-86.3875 830.8315 0.0549
-86.4024 832.7539 0.0551
-86.3369 834.6331 0.0554
-86.2388 836.5219 0.0556
-86.1884 838.3180 0.0558
-86.0921 839.9015 0.0560
-85.9083 842.0583 0.0563
-85.7472 844.0414 0.0566
-85.4966 846.1091 0.0569
-85.2940 848.1235 0.0571
-85.1140 849.8563 0.0574
-84.8346 851.4673 0.0576
-84.4712 853.6387 0.0579
-84.2068 855.3553 0.0581
-83.8153 857.5959 0.0584
-83.3601 859.7591 0.0587
-82.8907 862.1756 0.0590
-82.5535 863.8719 0.0592
-82.1122 865.6137 0.0594
-81.2891 868.0725 0.0598
-80.6054 870.1890 0.0601
-79.8283 872.3280 0.0603
-79.0638 874.5975 0.0606
-78.5236 876.2140 0.0609
-77.9649 877.8635 0.0611
-77.0802 880.1837 0.0614
-76.4319 881.9490 0.0616
-75.6307 883.9949 0.0619
-74.7556 885.7677 0.0621
-73.9853 887.3750 0.0623
-73.0155 889.2906 0.0626
-71.9030 891.2067 0.0629
-70.9136 893.0384 0.0631
-69.8848 894.9650 0.0634
-68.9269 896.7559 0.0636
-67.9590 898.4190 0.0638
-66.6299 900.5778 0.0641
-65.4156 902.4732 0.0644
-64.1469 904.4236 0.0646
-62.7281 906.4471 0.0649
-61.7608 907.8495 0.0651
-60.4054 909.5213 0.0653
-58.9037 911.0713 0.0655
-57.5278 912.5739 0.0657
-56.0175 914.2779 0.0660
-54.4468 916.0337 0.0662
-52.7146 917.7974 0.0665
-51.3594 919.2191 0.0666
-50.0515 920.5764 0.0668
-48.3754 922.1964 0.0671
-46.7389 923.8145 0.0673
-44.6815 925.5455 0.0675
-43.0755 926.6177 0.0677
-41.5821 927.5974 0.0678
-39.4829 929.1001 0.0680
-37.8132 930.3083 0.0682
-35.9521 931.6536 0.0684
-33.6221 933.3442 0.0686
-31.6486 934.7859 0.0688
-29.6819 936.0954 0.0690
-27.9888 937.1510 0.0691
-26.1736 938.2095 0.0693
-23.9419 939.3393 0.0694
-21.9718 940.4154 0.0696
-19.6393 941.7116 0.0698
-17.7650 942.7098 0.0699
-15.7998 943.6827 0.0700
-13.5555 944.8131 0.0702
-11.3953 945.7233 0.0703
-8.8861 946.6306 0.0705
-6.5848 947.5376 0.0706
-4.1943 948.4807 0.0707
-2.2528 949.1456 0.0708
-0.1840 949.6950 0.0709
2.6330 950.4338 0.0710
5.0733 951.0055 0.0711
7.4325 951.6081 0.0712
9.9677 952.1567 0.0713
12.5347 952.4862 0.0713
14.6640 952.8054 0.0714
16.7236 953.1342 0.0715
19.3784 953.5631 0.0715
21.8906 953.8875 0.0716
24.6683 954.1579 0.0716
27.4709 954.4656 0.0717
29.7271 954.5949 0.0717
31.9095 954.5562 0.0717
34.6240 954.5600 0.0717
37.1740 954.5878 0.0718
39.8803 954.4900 0.0718
42.0536 954.2224 0.0717
44.2128 953.9988 0.0717
46.8619 953.7623 0.0717
49.2902 953.5486 0.0717
51.7908 953.2704 0.0717
54.3984 952.9534 0.0716
57.0674 952.5012 0.0716
59.4146 951.9606 0.0715
62.3231 951.3348 0.0715
64.2155 950.7968 0.0714
66.2790 950.2406 0.0713
69.0213 949.5227 0.0713
71.3248 948.7945 0.0712
73.5847 948.0286 0.0711
76.0450 947.2321 0.0710
78.5082 946.3724 0.0709
80.3653 945.5447 0.0708
82.2808 944.7164 0.0707
84.5294 943.7796 0.0706
86.8120 942.8445 0.0705
89.2982 941.6748 0.0704
91.3395 940.6809 0.0702
93.2557 939.6955 0.0701
94.9901 938.7039 0.0700
97.3191 937.3890 0.0698
99.2991 936.2369 0.0697
101.3937 934.8703 0.0695
103.4274 933.2571 0.0693
104.9769 932.0872 0.0692
106.7547 930.7843 0.0690
108.7159 929.3052 0.0688
110.7337 927.4973 0.0686
112.6446 925.6696 0.0684
114.3545 924.1071 0.0682
115.8762 922.7221 0.0680
118.2254 920.5836 0.0677
120.2919 918.5842 0.0675
122.2486 916.6027 0.0672
124.2768 914.4876 0.0670
125.8302 912.8181 0.0668
127.5323 911.0246 0.0665
129.4413 908.9662 0.0663
131.1254 906.8243 0.0660
133.0087 904.4523 0.0657
134.3972 902.7291 0.0655
135.9168 900.8471 0.0653
137.7321 898.5980 0.0650
139.5792 896.3076 0.0647
141.3743 894.0792 0.0644
143.2884 891.7051 0.0641
145.4818 888.9759 0.0638
147.1198 886.7463 0.0635
148.5960 884.7628 0.0633
150.1340 882.6605 0.0630
151.7370 880.1166 0.0627
153.3295 877.6254 0.0624
154.8729 875.2359 0.0621
156.5567 872.6386 0.0618
158.0245 870.3406 0.0615
159.1552 868.3541 0.0613
160.8803 865.3165 0.0609
162.3089 862.8374 0.0606
163.9036 860.0879 0.0603
165.3121 857.6365 0.0600
166.4688 855.3772 0.0597
167.6127 853.2051 0.0594
169.0950 850.4057 0.0591
170.3594 847.9343 0.0588
171.6652 845.1858 0.0585
172.7919 842.5439 0.0582
173.9204 839.9201 0.0578
174.8661 837.7397 0.0576
175.7935 835.6100 0.0573
177.0325 832.7688 0.0570
178.0483 830.4423 0.0567
179.1554 827.8398 0.0564
180.2347 825.1035 0.0561
181.1274 822.8936 0.0558
181.9942 820.7632 0.0556
183.0347 818.2102 0.0553
184.0738 815.5431 0.0550
184.8343 813.1757 0.0547
186.806 811.030 28.571
186.789 811.079 28.571
186.826 810.977 28.551
186.845 810.924 28.550
186.867 810.862 28.549
186.888 810.803 28.549
186.926 810.695 28.550
186.953 810.617 28.554
186.971 810.566 28.558
186.998 810.489 28.562
187.041 810.368 28.568
187.095 810.215 28.565
187.155 810.046 28.558
187.224 809.855 28.553
187.297 809.647 28.553
187.370 809.441 28.561
187.442 809.238 28.570
187.504 809.062 28.576
187.541 808.956 28.578
187.611 808.752 28.575
187.680 808.548 28.572
187.714 808.446 28.571
187.771 808.280 28.571
187.807 808.177 28.572
187.851 808.051 28.573
187.894 807.926 28.576
187.929 807.826 28.578
187.985 807.658 28.581
188.022 807.546 28.582
188.046 807.472 28.583
188.081 807.360 28.582
188.105 807.282 28.580
188.156 807.111 28.575
188.181 807.026 28.572
188.211 806.921 28.570
188.238 806.827 28.569
188.267 806.730 28.569
188.292 806.642 28.570
188.317 806.557 28.570
188.350 806.447 28.569
188.372 806.371 28.568
188.400 806.274 28.567
188.430 806.168 28.566
188.458 806.071 28.565
188.487 805.968 28.565
188.515 805.872 28.565
188.546 805.767 28.564
188.576 805.665 28.561
188.604 805.568 28.558
188.647 805.422 28.555
188.677 805.321 28.553
188.722 805.167 28.551
188.754 805.057 28.550
188.804 804.885 28.550
188.885 804.602 28.553
188.920 804.478 28.557
188.966 804.311 28.563
189.040 804.032 28.572
189.070 803.915 28.573
189.112 803.745 28.572
189.142 803.621 28.570
189.183 803.446 28.568
189.249 803.161 28.568
189.275 803.047 28.569
189.313 802.880 28.571
189.374 802.599 28.574
189.397 802.486 28.574
189.429 802.321 28.572
189.481 802.037 28.567
189.501 801.920 28.564
189.533 801.740 28.560
189.579 801.482 28.557
189.614 801.292 28.557
189.648 801.108 28.559
189.676 800.957 28.563
189.729 800.674 28.568
189.779 800.394 28.568
189.802 800.260 28.567
189.829 800.106 28.567
189.852 799.974 28.569
189.876 799.831 28.570
189.899 799.700 28.572
189.923 799.556 28.575
189.944 799.429 28.577
189.966 799.289 28.578
189.985 799.164 28.579
190.005 799.025 28.578
190.022 798.902 28.576
190.057 798.623 28.571
190.089 798.351 28.572
190.118 798.093 28.575
190.143 797.841 28.580
190.164 797.588 28.582
190.178 797.338 28.578
190.190 797.076 28.570
190.199 796.812 28.566
190.207 796.560 28.567
190.210 796.461 28.569
190.213 796.335 28.571
190.216 796.203 28.572
190.218 795.843 28.563
190.216 795.548 28.552
190.214 795.212 28.543
190.212 794.861 28.540
190.211 794.479 28.541
190.211 794.092 28.544
190.211 793.687 28.545
190.211 793.269 28.545
190.213 792.857 28.552
190.218 792.447 28.564
190.225 792.045 28.574
190.230 791.633 28.580
190.236 791.230 28.581
190.241 790.821 28.578
190.250 790.411 28.578
190.263 790.013 28.584
190.278 789.610 28.591
190.292 789.218 28.595
190.304 788.869 28.593
190.312 788.630 28.591
190.327 788.227 28.592
190.333 788.073 28.593
190.344 787.820 28.595
190.359 787.479 28.596
190.369 787.218 28.597
190.379 786.972 28.598
190.388 786.764 28.598
190.403 786.377 28.599
190.418 785.998 28.598
190.434 785.602 28.593
190.450 785.201 28.589
190.458 784.989 28.587
190.468 784.761 28.586
190.482 784.406 28.585
190.494 784.109 28.588
190.505 783.824 28.592
190.514 783.589 28.595
190.532 783.153 28.598
190.539 782.958 28.598
190.547 782.772 28.598
190.557 782.510 28.597
190.575 782.058 28.594
190.582 781.879 28.593
190.593 781.615 28.591
190.610 781.184 28.588
190.617 781.007 28.587
190.627 780.748 28.584
190.645 780.296 28.577
190.652 780.102 28.574
190.663 779.823 28.569
190.682 779.336 28.563
190.689 779.143 28.563
190.701 778.854 28.564
190.723 778.244 28.573
190.736 777.780 28.573
190.742 777.537 28.571
190.751 777.134 28.566
190.757 776.891 28.564
190.764 776.580 28.562
190.771 776.278 28.561
190.777 776.024 28.560
190.788 775.554 28.561
190.794 775.329 28.561
190.801 775.075 28.562
190.813 774.598 28.563
190.825 774.121 28.563
190.837 773.635 28.563
190.849 773.170 28.562
190.861 772.711 28.560
190.874 772.184 28.555
190.886 771.695 28.554
190.899 771.207 28.556
190.911 770.722 28.558
190.922 770.250 28.560
190.935 769.730 28.562
190.948 769.239 28.563
190.960 768.747 28.564
190.973 768.239 28.563
190.984 767.802 28.559
190.993 767.444 28.556
191.001 767.108 28.554
191.008 766.836 28.555
191.021 766.318 28.559
191.034 765.786 28.561
191.049 765.253 28.562
191.066 764.749 28.566
191.085 764.222 28.570
191.103 763.717 28.573
191.121 763.207 28.574
191.138 762.696 28.575
191.156 762.176 28.574
191.174 761.643 28.569
191.193 761.103 28.566
191.212 760.547 28.564
191.232 759.961 28.563
191.252 759.382 28.566
191.272 758.800 28.572
191.291 758.215 28.579
191.312 757.627 28.585
191.332 757.040 28.588
191.349 756.529 28.590
191.366 756.027 28.592
191.380 755.632 28.593
191.396 755.176 28.594
191.408 754.817 28.596
191.423 754.365 28.601
191.435 753.969 28.605
191.447 753.517 28.605
191.456 753.137 28.603
191.466 752.680 28.602
191.473 752.313 28.601
191.483 751.861 28.601
191.492 751.476 28.602
191.502 751.012 28.603
191.511 750.653 28.604
191.521 750.202 28.603
191.530 749.821 28.601
191.541 749.368 28.600
191.550 748.998 28.600
191.562 748.527 28.603
191.572 748.165 28.606
191.585 747.698 28.609
191.596 747.305 28.610
191.611 746.796 28.611
191.623 746.357 28.610
191.633 745.983 28.608
191.643 745.603 28.607
191.656 745.141 28.604
191.664 744.836 28.602
191.675 744.444 28.597
191.686 744.053 28.595
191.696 743.674 28.595
191.711 743.070 28.596
191.726 742.464 28.597
191.740 741.860 28.598
191.755 741.262 28.598
191.770 740.652 28.597
191.785 740.058 28.597
191.799 739.460 28.596
191.814 738.862 28.595
191.830 738.239 28.590
191.846 737.601 28.586
191.861 736.958 28.583
191.878 736.276 28.582
191.895 735.573 28.583
191.912 734.880 28.589
191.934 733.975 28.595
191.951 733.300 28.597
191.964 732.766 28.597
191.975 732.319 28.597
191.985 731.895 28.597
191.995 731.498 28.597
192.012 730.803 28.597
192.028 730.122 28.597
192.045 729.434 28.598
192.061 728.773 28.598
192.077 728.130 28.598
192.093 727.466 28.597
192.109 726.790 28.595
192.126 726.085 28.589
192.143 725.382 28.585
192.161 724.640 28.582
192.180 723.860 28.580
192.199 723.090 28.574
192.225 722.298 28.566
192.261 721.494 28.568
192.306 720.715 28.582
192.350 720.062 28.595
192.393 719.410 28.605
192.401 719.300 28.606
192.434 718.804 28.610
192.484 718.042 28.617
192.529 717.292 28.627
192.566 716.536 28.630
192.594 715.772 28.624
192.620 715.009 28.617
192.646 714.231 28.614
192.673 713.468 28.613
192.699 712.731 28.615
192.728 711.958 28.618
192.755 711.210 28.620
192.783 710.464 28.622
192.811 709.710 28.622
192.839 708.926 28.617
192.868 708.140 28.612
192.897 707.343 28.611
192.926 706.537 28.615
192.958 705.652 28.619
192.982 704.982 28.621
193.001 704.470 28.622
193.019 703.961 28.621
193.044 703.281 28.617
193.066 702.683 28.612
193.096 701.832 28.608
193.128 700.953 28.605
193.159 700.084 28.604
193.191 699.192 28.609
193.222 698.319 28.614
193.256 697.383 28.617
193.286 696.540 28.618
193.317 695.652 28.617
193.349 694.764 28.620
193.375 693.921 28.628
193.394 693.072 28.630
193.407 692.180 28.625
193.417 691.319 28.620
193.428 690.457 28.616
193.440 689.479 28.612
193.450 688.745 28.608
193.458 688.156 28.606
193.466 687.590 28.607
193.475 686.849 28.610
193.484 686.182 28.613
193.496 685.289 28.616
193.507 684.409 28.617
193.519 683.476 28.617
193.530 682.596 28.612
193.548 681.662 28.601
193.575 680.763 28.599
193.612 679.876 28.606
193.654 678.968 28.615
193.694 678.103 28.620
193.734 677.237 28.622
193.772 676.375 28.622
193.811 675.484 28.620
193.849 674.607 28.623
193.886 673.700 28.621
193.913 672.987 28.619
193.940 672.275 28.618
193.956 671.859 28.617
193.978 671.293 28.617
193.999 670.753 28.616
194.027 670.045 28.617
194.052 669.393 28.617
194.085 668.544 28.617
194.118 667.692 28.619
194.148 666.857 28.626
194.172 666.013 28.626
194.191 665.190 28.622
194.209 664.350 28.618
194.228 663.514 28.617
194.247 662.670 28.616
194.266 661.849 28.617
194.285 661.002 28.618
194.304 660.178 28.619
194.324 659.351 28.620
194.343 658.519 28.620
194.362 657.682 28.621
194.377 657.005 28.626
194.387 656.479 28.628
194.396 655.943 28.626
194.405 655.265 28.623
194.413 654.651 28.621
194.424 653.808 28.618
194.435 652.980 28.616
194.446 652.164 28.614
194.458 651.319 28.608
194.469 650.473 28.603
194.481 649.589 28.600
194.494 648.673 28.593
194.511 647.742 28.585
194.539 646.796 28.587
194.572 645.929 28.597
194.611 645.035 28.606
194.651 644.128 28.612
194.689 643.244 28.613
194.729 642.299 28.615
194.767 641.287 28.624
194.787 640.567 28.624
194.798 639.979 28.620
194.807 639.392 28.614
194.818 638.665 28.607
194.828 637.990 28.602
194.841 637.117 28.599
194.855 636.235 28.598
194.869 635.373 28.598
194.884 634.503 28.593
194.905 633.599 28.587
194.933 632.734 28.591
194.966 631.856 28.597
194.998 630.981 28.602
195.030 630.131 28.604
195.063 629.222 28.606
195.091 628.389 28.612
195.114 627.550 28.623
195.125 626.718 28.626
195.123 625.757 28.615
195.119 625.066 28.607
195.115 624.471 28.602
195.112 623.896 28.600
195.109 623.198 28.596
195.108 622.576 28.596
195.108 621.721 28.600
195.110 620.868 28.603
195.112 620.044 28.606
195.114 619.215 28.606
195.115 618.381 28.607
195.116 617.541 28.606
195.117 616.734 28.606
195.118 615.911 28.605
195.119 615.067 28.600
195.120 614.203 28.597
195.121 613.322 28.599
195.121 612.470 28.603
195.122 611.621 28.605
195.123 610.672 28.605
195.123 609.973 28.605
195.124 609.397 28.602
195.125 608.851 28.596
195.131 608.143 28.589
195.142 607.511 28.590
195.162 606.631 28.597
195.183 605.788 28.603
195.203 604.976 28.606
195.222 604.155 28.607
195.241 603.335 28.606
195.260 602.506 28.604
195.278 601.694 28.603
195.297 600.863 28.602
195.315 600.063 28.602
195.333 599.249 28.602
195.353 598.388 28.603
195.372 597.560 28.603
195.390 596.747 28.604
195.411 595.817 28.604
195.426 595.149 28.604
195.439 594.602 28.604
195.447 594.223 28.604
195.460 593.650 28.603
195.473 593.112 28.601
195.488 592.426 28.596
195.503 591.785 28.593
195.522 590.912 28.590
195.542 590.009 28.589
195.562 589.106 28.591
195.582 588.225 28.597
195.602 587.331 28.602
195.622 586.403 28.605
195.642 585.509 28.605
195.662 584.621 28.605
195.681 583.745 28.604
195.701 582.857 28.603
195.720 581.983 28.603
195.740 581.100 28.602
195.756 580.365 28.597
195.769 579.763 28.593
195.778 579.342 28.590
195.792 578.746 28.588
195.795 578.607 28.588
195.805 578.147 28.589
195.821 577.386 28.592
195.836 576.701 28.596
195.857 575.725 28.599
195.877 574.809 28.601
195.898 573.868 28.601
195.918 572.956 28.601
195.938 572.054 28.602
195.957 571.165 28.603
195.978 570.250 28.600
196.003 569.323 28.589
196.040 568.381 28.585
196.085 567.491 28.591
196.134 566.593 28.599
196.183 565.694 28.604
196.242 564.599 28.609
196.279 563.915 28.611
196.309 563.340 28.615
196.340 562.755 28.619
196.376 562.027 28.622
196.399 561.561 28.623
196.427 560.980 28.625
196.454 560.416 28.626
196.490 559.691 28.629
196.522 559.035 28.631
196.564 558.158 28.634
196.606 557.291 28.634
196.648 556.432 28.633
196.689 555.568 28.634
196.727 554.727 28.631
196.763 553.866 28.626
196.802 552.945 28.621
196.838 552.100 28.619
196.874 551.259 28.617
196.913 550.371 28.616
196.958 549.291 28.620
196.990 548.447 28.620
197.019 547.595 28.616
197.047 546.746 28.612
197.074 545.904 28.609
197.103 545.046 28.607
197.131 544.189 28.608
197.159 543.342 28.611
197.186 542.516 28.614
197.213 541.672 28.617
197.240 540.813 28.619
197.267 539.969 28.618
197.292 539.145 28.618
197.317 538.325 28.617
197.343 537.490 28.616
197.368 536.653 28.612
197.398 535.673 28.607
197.420 534.949 28.604
197.438 534.339 28.604
197.456 533.742 28.603
197.478 532.985 28.603
197.499 532.273 28.603
197.528 531.298 28.602
197.555 530.345 28.599
197.585 529.340 28.595
197.614 528.340 28.590
197.644 527.304 28.587
197.676 526.246 28.584
197.706 525.207 28.584
197.738 524.096 28.587
197.770 522.986 28.593
197.801 521.867 28.600
197.831 520.770 28.609
197.862 519.676 28.614
197.900 518.322 28.615
197.924 517.483 28.615
197.945 516.740 28.616
197.966 516.028 28.617
197.992 515.121 28.620
198.016 514.282 28.623
198.047 513.166 28.628
198.077 512.083 28.631
198.107 510.999 28.632
198.137 509.914 28.631
198.167 508.818 28.629
198.197 507.718 28.625
198.227 506.608 28.618
198.258 505.497 28.614
198.289 504.339 28.613
198.320 503.184 28.616
198.351 502.023 28.625
198.383 500.843 28.633
198.420 499.454 28.638
198.444 498.581 28.640
198.464 497.831 28.641
198.485 497.079 28.642
198.511 496.142 28.643
198.533 495.316 28.645
198.563 494.201 28.647
198.594 493.063 28.648
198.623 491.964 28.649
198.652 490.841 28.649
198.682 489.695 28.648
198.712 488.551 28.643
198.742 487.403 28.640
198.773 486.218 28.644
198.804 485.046 28.650
198.835 483.874 28.655
198.866 482.734 28.659
198.897 481.593 28.660
198.934 480.203 28.661
198.965 479.080 28.660
198.995 477.932 28.658
199.025 476.802 28.653
199.055 475.686 28.646
199.085 474.577 28.635
199.116 473.446 28.623
199.147 472.314 28.611
199.177 471.192 28.602
199.209 470.070 28.598
199.240 468.956 28.599
199.271 467.845 28.601
199.302 466.742 28.604
199.334 465.621 28.606
199.365 464.521 28.611
199.390 463.436 28.623
199.403 462.275 28.640
199.395 461.383 28.650
199.374 460.661 28.651
199.343 459.958 28.641
199.292 459.049 28.621
199.242 458.220 28.604
199.173 457.099 28.589
199.109 456.025 28.583
199.046 454.942 28.582
198.983 453.838 28.585
198.923 452.761 28.589
198.860 451.654 28.592
198.800 450.597 28.594
198.741 449.550 28.595
198.679 448.460 28.594
198.615 447.341 28.584
198.561 446.265 28.571
198.519 445.212 28.571
198.483 444.151 28.576
198.454 443.265 28.580
198.431 442.559 28.582
198.408 441.876 28.583
198.378 440.993 28.582
198.351 440.204 28.581
198.315 439.175 28.580
198.278 438.118 28.579
198.242 437.065 28.574
198.212 435.988 28.564
198.195 434.864 28.562
198.193 433.823 28.571
198.196 432.796 28.584
198.201 431.786 28.593
198.205 430.769 28.598
198.208 429.745 28.600
198.210 428.712 28.599
198.212 427.685 28.597
198.213 426.664 28.597
198.213 425.815 28.603
198.210 424.976 28.613
198.202 424.310 28.619
198.184 423.515 28.620
198.164 422.854 28.615
198.136 422.031 28.608
198.113 421.362 28.603
198.084 420.537 28.598
198.062 419.903 28.596
198.034 419.097 28.594
198.011 418.428 28.594
197.984 417.610 28.595
197.962 416.952 28.596
197.936 416.165 28.597
197.915 415.522 28.597
197.889 414.760 28.598
197.868 414.112 28.598
197.842 413.344 28.598
197.818 412.629 28.598
197.790 411.800 28.598
197.763 410.967 28.593
197.743 410.301 28.585
197.728 409.635 28.579
197.717 408.802 28.577
197.714 408.033 28.583
197.714 407.059 28.593
197.716 406.088 28.600
197.717 405.091 28.603
197.718 404.090 28.604
197.717 403.099 28.603
197.716 402.096 28.602
197.716 401.125 28.602
197.715 400.144 28.603
197.715 399.166 28.607
197.715 398.202 28.611
197.715 397.232 28.615
197.716 396.261 28.618
197.716 395.090 28.620
197.716 394.351 28.620
197.716 393.728 28.618
197.717 393.082 28.612
197.722 392.277 28.603
197.734 391.563 28.603
197.756 390.604 28.608
197.779 389.674 28.613
197.804 388.720 28.617
197.829 387.714 28.619
197.851 386.772 28.619
197.874 385.824 28.619
197.895 384.906 28.619
197.917 383.978 28.617
197.941 383.045 28.609
197.972 382.109 28.607
198.009 381.193 28.612
198.048 380.249 28.618
198.091 379.203 28.622
198.121 378.470 28.624
198.145 377.868 28.624
198.166 377.344 28.624
198.190 376.762 28.625
198.213 376.163 28.625
198.242 375.404 28.624
198.271 374.640 28.624
198.298 373.929 28.623
198.320 373.343 28.623
198.342 372.752 28.623
198.370 371.999 28.624
198.395 371.329 28.624
198.429 370.428 28.624
198.463 369.525 28.625
198.496 368.636 28.631
198.523 367.760 28.632
198.546 366.870 28.628
198.567 365.983 28.624
198.590 365.054 28.621
198.613 364.145 28.620
198.631 363.407 28.619
198.647 362.797 28.619
198.659 362.310 28.619
198.675 361.694 28.619
198.690 361.077 28.620
198.709 360.345 28.620
198.726 359.689 28.619
198.749 358.782 28.614
198.773 357.841 28.608
198.796 356.928 28.605
198.820 355.958 28.606
198.844 355.012 28.612
198.868 354.040 28.617
198.892 353.085 28.619
198.916 352.106 28.615
198.940 351.156 28.611
198.965 350.163 28.608
198.991 349.105 28.610
199.016 348.075 28.616
199.037 347.243 28.620
199.053 346.589 28.622
199.069 345.932 28.620
199.090 345.081 28.615
199.109 344.307 28.611
199.135 343.269 28.611
199.159 342.266 28.613
199.184 341.253 28.613
199.209 340.210 28.609
199.235 339.156 28.609
199.260 338.117 28.610
199.286 337.045 28.607
199.313 335.936 28.601
199.339 334.865 28.598
199.364 333.792 28.600
199.391 332.676 28.603
199.417 331.566 28.605
199.443 330.484 28.602
199.464 329.645 28.597
199.491 328.744 28.596
199.507 328.227 28.597
199.531 327.521 28.599
199.554 326.815 28.601
199.584 325.921 28.605
199.611 325.125 28.607
199.645 324.071 28.610
199.681 322.990 28.612
199.716 321.922 28.612
199.750 320.881 28.613
199.785 319.780 28.611
199.821 318.685 28.606
199.856 317.615 28.604
199.891 316.519 28.608
199.927 315.393 28.615
199.962 314.308 28.618
199.998 313.212 28.616
200.035 312.056 28.614
200.080 310.669 28.620
200.107 309.801 28.622
200.132 309.038 28.621
200.156 308.270 28.617
200.187 307.297 28.613
200.215 306.422 28.610
200.251 305.283 28.611
200.289 304.080 28.612
200.326 302.897 28.608
200.363 301.700 28.604
200.401 300.485 28.606
200.439 299.282 28.608
200.476 298.091 28.608
200.515 296.830 28.603
200.554 295.562 28.603
200.593 294.299 28.604
200.632 293.040 28.605
200.669 291.847 28.604
200.716 290.356 28.604
200.745 289.404 28.603
200.770 288.600 28.601
200.795 287.816 28.598
200.827 286.778 28.597
200.855 285.856 28.599
200.892 284.649 28.604
200.931 283.401 28.609
200.969 282.159 28.611
201.005 280.969 28.612
201.042 279.768 28.608
201.080 278.509 28.604
201.113 277.447 28.603
201.140 276.527 28.606
201.165 275.709 28.609
201.197 274.651 28.614
201.229 273.603 28.617
201.259 272.598 28.619
201.283 271.805 28.620
201.310 270.927 28.621
201.342 269.876 28.622
201.370 268.956 28.622
201.399 267.990 28.623
201.431 266.944 28.624
201.449 266.347 28.625
201.473 265.537 28.625
201.497 264.746 28.626
201.520 263.993 28.626
201.557 262.773 28.626
201.593 261.561 28.627
201.630 260.351 28.627
201.667 259.108 28.627
201.704 257.903 28.627
201.740 256.710 28.627
201.776 255.523 28.628
201.812 254.334 28.628
201.847 253.159 28.629
201.883 251.987 28.629
201.918 250.810 28.629
201.955 249.607 28.628
201.991 248.404 28.628
202.027 247.216 28.629
202.055 246.297 28.629
202.085 245.284 28.629
202.112 244.407 28.629
202.147 243.242 28.629
202.181 242.094 28.630
202.215 240.929 28.631
202.251 239.750 28.632
202.285 238.593 28.632
202.319 237.447 28.633
202.353 236.317 28.634
202.387 235.174 28.634
202.421 234.019 28.635
202.455 232.877 28.636
202.489 231.720 28.636
202.524 230.549 28.638
202.556 229.461 28.643
202.587 228.410 28.655
202.598 228.000 28.660
202.613 227.502 28.665
202.627 226.990 28.669
202.641 226.502 28.672
202.664 225.661 28.675
202.677 225.215 28.676
202.690 224.734 28.675
202.702 224.306 28.671
202.716 223.816 28.665
202.728 223.391 28.659
202.742 222.907 28.652
202.763 222.187 28.646
202.780 221.599 28.642
202.798 221.010 28.641
202.814 220.463 28.640
202.841 219.546 28.640
202.851 219.194 28.641
202.867 218.658 28.646
202.891 217.831 28.658
202.900 217.509 28.663
202.913 217.045 28.669
202.934 216.288 28.675
202.942 215.998 28.677
202.953 215.574 28.678
202.973 214.878 28.668
202.981 214.601 28.663
202.991 214.242 28.657
203.002 213.876 28.651
203.012 213.526 28.648
203.023 213.170 28.645
203.033 212.814 28.644
203.046 212.388 28.643
203.066 211.697 28.643
203.092 210.800 28.643
203.112 210.110 28.643
203.128 209.557 28.642
203.142 209.089 28.641
203.155 208.645 28.640
203.165 208.285 28.640
203.175 207.949 28.640
203.185 207.601 28.640
203.202 207.003 28.640
203.214 206.593 28.640
203.223 206.300 28.640
203.235 205.894 28.640
203.252 205.292 28.640
203.262 204.937 28.639
203.272 204.604 28.639
203.283 204.243 28.638
203.292 203.906 28.637
203.303 203.539 28.634
203.323 202.838 28.628
203.343 202.138 28.623
203.354 201.771 28.622
203.365 201.388 28.620
203.384 200.729 28.621
203.396 200.286 28.624
203.405 199.991 28.626
203.418 199.548 28.629
203.426 199.244 28.631
203.438 198.816 28.633
203.447 198.517 28.634
203.457 198.156 28.634
203.468 197.780 28.634
203.479 197.404 28.634
203.497 196.750 28.633
203.518 196.038 28.632
203.527 195.713 28.632
203.539 195.301 28.632
203.560 194.561 28.631
203.580 193.837 28.631
203.589 193.528 28.630
203.599 193.187 28.630
203.610 192.795 28.630
203.620 192.450 28.630
203.630 192.072 28.629
203.640 191.723 28.629
203.651 191.336 28.629
203.661 190.992 28.629
203.672 190.598 28.630
203.693 189.887 28.630
203.714 189.150 28.631
203.734 188.428 28.631
203.755 187.702 28.631
203.776 186.992 28.631
203.796 186.276 28.631
203.805 185.960 28.631
203.814 185.645 28.631
203.825 185.245 28.631
203.834 184.932 28.631
203.846 184.530 28.631
203.866 183.806 28.632
203.893 182.838 28.632
203.913 182.125 28.633
203.933 181.428 28.633
203.953 180.727 28.634
203.970 180.119 28.634
203.981 179.753 28.634
203.990 179.421 28.634
204.001 179.049 28.634
204.010 178.720 28.633
204.021 178.338 28.629
204.031 178.005 28.625
204.045 177.625 28.620
204.077 176.917 28.614
204.118 176.241 28.618
204.165 175.575 28.628
204.188 175.267 28.633
204.208 175.004 28.636
204.236 174.619 28.640
204.256 174.349 28.641
204.277 174.066 28.640
204.305 173.691 28.637
204.325 173.426 28.633
204.381 172.756 28.626
204.427 172.261 28.626
204.460 171.926 28.628
204.520 171.356 28.632
204.560 170.983 28.632
204.590 170.715 28.632
204.620 170.448 28.632
204.666 170.062 28.634
204.698 169.799 28.637
204.745 169.423 28.641
204.819 168.834 28.644
204.899 168.203 28.641
204.936 167.918 28.638
204.972 167.655 28.634
205.031 167.238 28.630
205.070 166.971 28.630
205.128 166.601 28.632
205.170 166.338 28.635
205.211 166.091 28.640
205.268 165.750 28.651
205.307 165.516 28.659
205.399 164.967 28.676
205.465 164.576 28.684
205.548 164.084 28.679
205.583 163.878 28.674
205.636 163.577 28.666
205.672 163.369 28.662
205.710 163.159 28.659
205.763 162.866 28.656
205.800 162.663 28.655
205.891 162.162 28.650
205.963 161.778 28.647
206.058 161.283 28.649
206.098 161.080 28.652
206.154 160.797 28.655
206.194 160.600 28.657
206.234 160.396 28.658
206.291 160.111 28.660
206.331 159.907 28.661
206.371 159.705 28.661
206.428 159.419 28.662
206.550 158.797 28.662
206.638 158.351 28.662
206.692 158.073 28.661
206.733 157.867 28.659
206.787 157.593 28.657
206.880 157.136 28.654
206.983 156.648 28.657
207.032 156.426 28.661
207.092 156.151 28.665
207.137 155.948 28.668
207.180 155.755 28.670
207.239 155.490 28.673
207.283 155.287 28.674
207.325 155.098 28.675
207.385 154.825 28.676
207.428 154.626 28.676
207.532 154.151 28.676
207.611 153.785 28.676
207.665 153.538 28.676
207.755 153.127 28.676
207.813 152.858 28.676
207.854 152.669 28.676
207.898 152.468 28.677
207.956 152.201 28.677
207.999 152.004 28.678
208.041 151.809 28.679
208.101 151.536 28.679
208.231 150.941 28.682
208.320 150.532 28.683
208.381 150.252 28.683
208.421 150.066 28.683
208.475 149.820 28.684
208.529 149.574 28.684
208.577 149.352 28.683
208.621 149.149 28.683
208.677 148.892 28.683
208.720 148.697 28.684
208.759 148.516 28.685
208.815 148.261 28.688
208.854 148.075 28.689
208.947 147.634 28.688
208.988 147.434 28.687
209.049 147.136 28.685
209.105 146.864 28.685
209.181 146.495 28.684
209.235 146.233 28.684
209.274 146.043 28.684
209.312 145.859 28.685
209.368 145.589 28.685
209.407 145.403 28.686
209.446 145.213 28.686
209.501 144.951 28.687
209.572 144.608 28.688
209.619 144.380 28.689
209.662 144.172 28.689
209.699 143.994 28.690
209.752 143.742 28.690
209.790 143.558 28.691
209.828 143.374 28.691
209.881 143.119 28.692
209.919 142.936 28.692
210.009 142.499 28.693
210.078 142.168 28.694
210.166 141.744 28.695
210.203 141.562 28.695
210.256 141.308 28.696
210.293 141.126 28.696
210.331 140.945 28.697
210.383 140.693 28.698
210.419 140.520 28.698
210.467 140.289 28.699
210.522 140.024 28.700
210.556 139.858 28.704
210.591 139.690 28.709
210.634 139.478 28.716
210.697 139.173 28.722
210.742 138.958 28.721
210.807 138.640 28.716
210.852 138.423 28.713
210.885 138.266 28.710
210.922 138.086 28.708
210.961 137.897 28.706
211.012 137.653 28.705
211.081 137.318 28.705
211.155 136.963 28.705
211.187 136.809 28.704
211.218 136.657 28.702
211.265 136.430 28.699
211.298 136.272 28.697
211.333 136.105 28.696
211.379 135.880 28.695
211.412 135.722 28.696
211.494 135.327 28.699
211.557 135.019 28.702
211.636 134.641 28.704
211.668 134.482 28.704
211.715 134.256 28.705
211.749 134.091 28.705
211.790 133.895 28.705
211.830 133.701 28.705
211.868 133.517 28.705
211.899 133.366 28.705
211.949 133.126 28.706
211.981 132.970 28.707
212.026 132.752 28.709
212.056 132.602 28.710
212.087 132.447 28.710
212.128 132.237 28.708
212.186 131.935 28.704
212.227 131.720 28.702
212.285 131.416 28.701
212.326 131.206 28.701
212.356 131.051 28.702
212.385 130.899 28.703
212.426 130.689 28.705
212.455 130.540 28.705
212.524 130.179 28.705
212.576 129.905 28.704
212.643 129.551 28.707
212.673 129.390 28.711
212.727 129.104 28.723
212.780 128.825 28.730
212.802 128.708 28.728
212.824 128.591 28.726
212.855 128.431 28.721
212.876 128.317 28.717
212.898 128.202 28.713
212.931 128.027 28.709
212.953 127.914 28.707
212.983 127.758 28.706
213.004 127.646 28.705
213.055 127.376 28.705
213.094 127.168 28.706
213.121 127.028 28.706
213.166 126.792 28.707
213.194 126.643 28.708
213.215 126.532 28.708
213.236 126.424 28.709
213.265 126.268 28.712
213.285 126.164 28.713
213.333 125.903 28.713
213.368 125.703 28.710
213.393 125.564 28.708
213.435 125.322 28.707
213.464 125.156 28.707
213.511 124.897 28.708
213.530 124.791 28.709
213.550 124.683 28.711
213.576 124.537 28.713
213.595 124.430 28.714
213.612 124.327 28.713
213.636 124.183 28.711
213.671 123.972 28.708
213.694 123.826 28.706
213.711 123.722 28.705
213.729 123.614 28.704
213.754 123.464 28.704
213.774 123.343 28.704
213.815 123.106 28.705
213.858 122.855 28.705
213.876 122.744 28.706
213.894 122.637 28.706
213.919 122.490 28.707
213.937 122.386 28.707
213.955 122.282 28.708
213.979 122.135 28.709
213.997 122.029 28.710
214.017 121.910 28.711
214.037 121.789 28.711
214.055 121.674 28.710
214.095 121.422 28.706
214.112 121.314 28.705
214.130 121.192 28.704
214.150 121.065 28.703
214.170 120.943 28.703
214.186 120.842 28.704
214.209 120.701 28.705
214.225 120.601 28.706
214.241 120.502 28.707
214.262 120.366 28.709
214.293 120.169 28.709
214.315 120.027 28.707
214.345 119.823 28.705
214.366 119.682 28.704
214.381 119.578 28.703
214.396 119.478 28.703
214.418 119.334 28.703
214.433 119.237 28.703
214.470 118.999 28.703
214.498 118.815 28.703
214.534 118.581 28.703
214.549 118.483 28.703
214.571 118.338 28.702
214.585 118.242 28.702
214.600 118.144 28.702
214.622 118.005 28.701
214.652 117.807 28.701
214.680 117.621 28.703
214.701 117.476 28.704
214.725 117.314 28.703
214.764 117.038 28.700
214.803 116.761 28.698
214.822 116.628 28.697
214.846 116.457 28.697
214.862 116.352 28.697
214.885 116.190 28.697
214.901 116.079 28.697
214.926 115.911 28.699
214.944 115.783 28.699
214.966 115.625 28.698
214.980 115.518 28.696
215.001 115.360 28.692
215.015 115.255 28.690
215.036 115.091 28.688
215.053 114.961 28.687
215.074 114.799 28.689
215.110 114.535 28.693
215.128 114.399 28.695
215.154 114.197 28.696
215.180 113.975 28.693
215.192 113.867 28.692
215.203 113.773 28.691
215.217 113.644 28.692
215.228 113.556 28.693
215.238 113.466 28.695
215.253 113.340 28.698
215.264 113.253 28.699
215.274 113.164 28.699
215.287 113.044 28.698
215.317 112.765 28.695
215.336 112.575 28.693
215.349 112.448 28.693
215.359 112.360 28.693
215.368 112.271 28.693
215.382 112.149 28.694
215.393 112.056 28.694
215.402 111.967 28.694
215.416 111.844 28.695
215.446 111.569 28.696
215.467 111.382 28.697
215.480 111.263 28.697
215.490 111.174 28.697
215.499 111.087 28.698
215.512 110.966 28.699
215.521 110.882 28.699
215.531 110.796 28.701
215.543 110.677 28.702
215.569 110.420 28.706
215.585 110.241 28.707
215.594 110.123 28.707
215.600 110.044 28.705
215.606 109.959 28.704
215.613 109.846 28.702
215.618 109.762 28.702
215.623 109.676 28.702
215.631 109.500 28.704
215.639 109.317 28.706
215.642 109.232 28.707
215.644 109.159 28.708
215.646 109.054 28.708
215.647 108.978 28.708
215.647 108.900 28.706
215.646 108.792 28.703
215.645 108.715 28.701
215.642 108.518 28.696
215.639 108.371 28.694
215.637 108.185 28.691
215.636 108.105 28.690
215.635 107.977 28.691
215.635 107.899 28.692
215.635 107.783 28.695
215.635 107.701 28.697
215.635 107.621 28.699
215.636 107.509 28.700
215.636 107.427 28.700
215.637 107.230 28.700
215.638 107.080 28.701
215.640 106.887 28.703
215.641 106.807 28.704
215.643 106.692 28.704
215.644 106.610 28.703
215.645 106.530 28.702
215.647 106.414 28.700
215.649 106.336 28.700
215.653 106.142 28.701
215.657 105.998 28.704
215.664 105.815 28.708
215.667 105.741 28.709
215.670 105.630 28.710
215.673 105.550 28.709
215.675 105.473 28.708
215.679 105.309 28.706
215.683 105.146 28.705
215.689 104.966 28.707
215.692 104.892 28.708
215.696 104.787 28.709
215.699 104.711 28.710
215.701 104.637 28.710
215.705 104.533 28.710
215.708 104.457 28.710
215.714 104.275 28.710
215.718 104.135 28.710
215.724 103.963 28.710
215.726 103.888 28.710
215.729 103.785 28.710
215.732 103.711 28.710
215.734 103.640 28.710
215.738 103.534 28.710
215.740 103.462 28.710
215.746 103.284 28.710
215.750 103.149 28.711
215.753 103.055 28.711
215.759 102.899 28.712
215.762 102.796 28.712
215.765 102.727 28.712
215.767 102.655 28.713
215.770 102.557 28.713
215.773 102.487 28.713
215.778 102.315 28.714
215.781 102.241 28.713
215.783 102.167 28.713
215.787 102.066 28.712
215.790 101.992 28.712
215.793 101.916 28.712
215.797 101.814 28.713
215.800 101.740 28.715
215.807 101.572 28.718
215.813 101.444 28.719
215.821 101.265 28.719
215.827 101.105 28.718
215.833 100.938 28.717
215.835 100.866 28.717
215.838 100.795 28.716
215.842 100.698 28.716
215.844 100.628 28.716
215.847 100.557 28.716
215.850 100.459 28.716
215.855 100.323 28.716
215.859 100.226 28.715
215.863 100.085 28.713
215.866 99.989 28.712
215.869 99.919 28.711
215.871 99.852 28.711
215.874 99.752 28.711
215.877 99.679 28.711
215.883 99.512 28.711
215.887 99.386 28.711
215.893 99.228 28.713
215.895 99.162 28.713
215.898 99.063 28.712
215.900 98.995 28.711
215.902 98.927 28.710
215.905 98.833 28.709
215.907 98.766 28.708
215.911 98.606 28.708
215.915 98.483 28.707
215.920 98.322 28.707
215.923 98.254 28.707
215.926 98.157 28.707
215.928 98.089 28.707
215.930 98.016 28.705
215.934 97.911 28.701
215.936 97.831 28.698
215.943 97.626 28.690
215.948 97.457 28.687
215.952 97.329 28.687
215.959 97.121 28.692
215.963 97.000 28.694
215.969 96.805 28.698
215.973 96.673 28.700
215.976 96.581 28.700
215.979 96.485 28.701
215.983 96.357 28.701
215.986 96.262 28.700
215.989 96.166 28.698
215.994 96.015 28.693
215.997 95.908 28.690
216.002 95.746 28.685
216.006 95.633 28.682
216.014 95.358 28.682
216.021 95.148 28.685
216.029 94.880 28.689
216.033 94.769 28.690
216.038 94.604 28.691
216.041 94.495 28.691
216.045 94.378 28.691
216.050 94.219 28.690
216.054 94.103 28.689
216.057 93.993 28.688
216.062 93.831 28.686
216.069 93.610 28.684
216.074 93.456 28.683
216.081 93.238 28.681
216.086 93.077 28.680
216.090 92.966 28.679
216.093 92.856 28.678
216.098 92.700 28.677
216.102 92.593 28.676
216.110 92.330 28.675
216.116 92.129 28.673
216.125 91.864 28.672
216.128 91.758 28.672
216.133 91.593 28.672
216.139 91.378 28.669
216.143 91.240 28.667
216.149 91.002 28.664
216.153 90.851 28.663
216.156 90.743 28.662
216.159 90.637 28.661
216.163 90.487 28.659
216.166 90.380 28.659
216.169 90.262 28.658
216.174 90.114 28.657
216.180 89.902 28.655
216.184 89.752 28.654
216.190 89.543 28.652
216.194 89.386 28.649
216.198 89.272 28.647
216.202 89.120 28.646
216.205 89.016 28.646
216.209 88.911 28.646
216.214 88.763 28.646
216.218 88.659 28.645
216.226 88.409 28.643
216.229 88.305 28.642
216.233 88.194 28.641
216.237 88.048 28.640
216.240 87.943 28.639
216.243 87.843 28.638
216.248 87.694 28.636
216.251 87.588 28.635
216.259 87.339 28.633
216.265 87.144 28.631
216.273 86.886 28.628
216.276 86.784 28.627
216.281 86.637 28.626
216.284 86.535 28.625
216.287 86.430 28.624
216.292 86.281 28.622
216.295 86.176 28.621
216.298 86.075 28.620
216.304 85.880 28.618
216.311 85.657 28.616
216.319 85.407 28.613
216.322 85.308 28.612
216.327 85.152 28.611
216.330 85.052 28.610
216.333 84.953 28.609
216.337 84.813 28.607
216.340 84.713 28.606
216.348 84.469 28.604
216.354 84.277 28.602
216.361 84.031 28.600
216.364 83.931 28.599
216.369 83.788 28.597
216.372 83.687 28.596
216.375 83.588 28.596
216.379 83.441 28.594
216.382 83.341 28.593
216.386 83.241 28.592
216.390 83.101 28.591
216.399 82.794 28.588
216.406 82.580 28.586
216.410 82.438 28.584
216.413 82.339 28.583
216.416 82.237 28.582
216.420 82.099 28.581
216.424 81.997 28.580
216.427 81.895 28.579
216.431 81.743 28.578
216.434 81.646 28.578
216.438 81.503 28.578
216.443 81.321 28.579
216.446 81.203 28.578
216.448 81.092 28.576
216.449 80.997 28.574
216.451 80.857 28.569
216.452 80.755 28.566
216.453 80.652 28.563
216.454 80.470 28.559
216.457 80.266 28.557
216.461 80.029 28.555
216.463 79.935 28.555
216.465 79.794 28.555
216.467 79.700 28.554
216.469 79.601 28.553
216.471 79.462 28.551
216.472 79.360 28.550
216.473 79.249 28.548
216.475 79.128 28.547
216.476 79.016 28.545
216.479 78.778 28.544
216.481 78.600 28.544
216.482 78.482 28.544
216.483 78.282 28.545
216.483 78.155 28.545
216.482 78.063 28.545
216.481 77.973 28.544
216.479 77.847 28.543
216.476 77.759 28.542
216.468 77.553 28.540
216.460 77.395 28.538
216.445 77.191 28.535
216.438 77.111 28.533
216.425 76.987 28.529
216.416 76.905 28.526
216.405 76.805 28.521
216.391 76.698 28.515
216.377 76.595 28.511
216.365 76.510 28.508
216.348 76.391 28.506
216.335 76.305 28.505
216.321 76.209 28.506
216.304 76.106 28.506
216.289 76.012 28.507
216.275 75.932 28.507
216.253 75.813 28.505
216.211 75.608 28.498
216.188 75.504 28.494
216.146 75.321 28.486
216.116 75.194 28.480
216.095 75.103 28.475
216.071 75.003 28.469
216.038 74.858 28.461
216.013 74.751 28.456
215.986 74.635 28.452
215.946 74.463 28.447
215.916 74.336 28.444
215.872 74.148 28.441
215.841 74.012 28.440
215.795 73.813 28.438
215.763 73.674 28.437
215.717 73.474 28.435
215.684 73.330 28.434
215.650 73.181 28.432
215.600 72.968 28.431
215.566 72.820 28.430
215.482 72.455 28.431
215.447 72.306 28.430
215.413 72.161 28.430
215.362 71.940 28.426
215.327 71.789 28.423
215.290 71.629 28.420
215.237 71.404 28.416
215.200 71.242 28.413
215.161 71.079 28.411
215.105 70.837 28.408
215.031 70.517 28.405
214.978 70.293 28.403
214.930 70.083 28.403
214.886 69.897 28.404
214.821 69.619 28.406
214.722 69.193 28.408
214.680 69.014 28.409
214.640 68.842 28.408
214.583 68.599 28.408
214.538 68.405 28.407
214.447 68.015 28.404
214.350 67.598 28.400
214.308 67.417 28.399
214.268 67.248 28.397
214.214 67.012 28.395
214.172 66.834 28.394
214.130 66.655 28.393
214.073 66.408 28.391
214.031 66.228 28.390
213.983 66.025 28.388
213.933 65.810 28.387
213.885 65.606 28.385
213.789 65.194 28.382
213.715 64.876 28.380
213.620 64.470 28.377
213.580 64.299 28.375
213.522 64.052 28.373
213.482 63.884 28.372
213.441 63.707 28.370
213.384 63.466 28.368
213.345 63.297 28.367
213.305 63.125 28.365
213.248 62.882 28.362
213.207 62.710 28.360
213.112 62.301 28.354
213.039 61.978 28.352
212.991 61.765 28.352
212.910 61.402 28.353
212.857 61.168 28.353
212.821 61.004 28.352
212.782 60.834 28.351
212.731 60.604 28.349
212.694 60.440 28.347
212.603 60.031 28.339
212.528 59.687 28.331
212.434 59.238 28.328
212.358 58.861 28.329
212.277 58.447 28.327
212.242 58.268 28.325
212.208 58.092 28.322
212.161 57.838 28.318
212.129 57.667 28.315
212.093 57.463 28.312
212.057 57.252 28.311
212.024 57.050 28.312
211.997 56.876 28.313
211.960 56.637 28.316
211.935 56.470 28.319
211.875 56.071 28.322
211.826 55.747 28.319
211.794 55.532 28.316
211.761 55.313 28.312
211.729 55.098 28.309
211.678 54.733 28.308
211.645 54.487 28.310
211.593 54.090 28.315
211.572 53.925 28.316
211.550 53.758 28.316
211.520 53.528 28.314
211.499 53.363 28.313
211.478 53.201 28.311
211.448 52.962 28.308
211.428 52.798 28.306
211.384 52.407 28.304
211.353 52.106 28.308
211.317 51.728 28.315
211.302 51.572 28.318
211.281 51.344 28.321
211.266 51.189 28.322
211.250 51.031 28.322
211.228 50.808 28.322
211.212 50.643 28.320
211.191 50.436 28.318
211.156 50.079 28.312
211.122 49.698 28.309
211.108 49.537 28.310
211.095 49.377 28.312
211.079 49.164 28.315
211.067 49.009 28.317
211.056 48.861 28.319
211.039 48.640 28.320
211.027 48.490 28.321
210.998 48.128 28.321
210.986 47.981 28.321
210.974 47.834 28.321
210.957 47.620 28.320
210.945 47.471 28.319
210.932 47.319 28.318
210.914 47.101 28.317
210.902 46.952 28.316
210.890 46.799 28.315
210.872 46.584 28.312
210.835 46.123 28.305
210.811 45.803 28.302
210.797 45.596 28.303
210.787 45.453 28.304
210.777 45.307 28.305
210.764 45.105 28.306
210.754 44.957 28.306
210.730 44.612 28.305
210.711 44.351 28.304
210.687 44.009 28.302
210.677 43.867 28.301
210.662 43.663 28.299
210.652 43.523 28.298
210.641 43.376 28.296
210.626 43.167 28.294
210.616 43.026 28.293
210.605 42.878 28.292
210.591 42.676 28.290
210.569 42.379 28.287
210.546 42.058 28.284
210.521 41.709 28.282
210.511 41.562 28.281
210.501 41.429 28.280
210.487 41.235 28.280
210.477 41.090 28.279
210.467 40.950 28.279
210.454 40.761 28.278
210.434 40.481 28.278
210.421 40.297 28.277
210.401 40.020 28.277
210.388 39.828 28.276
210.377 39.678 28.275
210.366 39.512 28.273
210.354 39.341 28.272
210.344 39.185 28.271
210.334 39.051 28.270
210.321 38.859 28.269
210.292 38.442 28.266
210.272 38.155 28.264
210.259 37.960 28.262
210.249 37.826 28.261
210.240 37.690 28.260
210.226 37.497 28.259
210.217 37.367 28.258
210.208 37.230 28.257
210.195 37.042 28.255
210.177 36.795 28.253
210.162 36.582 28.251
210.139 36.253 28.248
210.129 36.124 28.247
210.120 35.992 28.246
210.107 35.812 28.244
210.098 35.676 28.242
210.086 35.513 28.240
210.074 35.344 28.239
210.062 35.178 28.237
210.2582 33.7526 0.0036
210.0961 32.0128 0.0035
209.8372 30.4803 0.0035
209.4377 28.3034 0.0035
208.9900 26.3977 0.0035
208.5394 24.1646 0.0035
208.0680 22.3425 0.0034
207.3544 19.9787 0.0034
206.8544 18.1894 0.0034
206.2991 16.5303 0.0034
205.3665 14.2323 0.0033
204.6311 12.3037 0.0033
203.5532 9.9353 0.0033
202.6637 8.2450 0.0032
201.7732 6.4210 0.0032
200.6925 4.3351 0.0032
199.4310 2.3470 0.0031
198.1890 0.3503 0.0031
197.0139 -1.5884 0.0030
195.9970 -3.2813 0.0030
194.9359 -5.0343 0.0030
193.5751 -7.2881 0.0029
192.3576 -9.2267 0.0029
190.9678 -11.1855 0.0029
189.5236 -13.2726 0.0028
188.3973 -14.7334 0.0028
187.1759 -16.3492 0.0028
185.6060 -18.1351 0.0027
184.1012 -19.8490 0.0027
182.4698 -21.4865 0.0026
180.8724 -23.0557 0.0026
179.2878 -24.5392 0.0026
177.9604 -25.7562 0.0025
176.6219 -26.8946 0.0025
174.7575 -28.1262 0.0025
173.0613 -29.2125 0.0024
171.4905 -30.3221 0.0024
169.6664 -31.5961 0.0023
168.1307 -32.5068 0.0023
166.7862 -33.3385 0.0023
164.9790 -34.4757 0.0022
163.2648 -35.4279 0.0022
161.5850 -36.3787 0.0021
160.1631 -37.2070 0.0021
158.7979 -38.0044 0.0021
157.0374 -39.0222 0.0021
155.4294 -39.9509 0.0020
153.5864 -41.0166 0.0020
151.5481 -42.1883 0.0019
150.1154 -43.0133 0.0019
148.5476 -43.9138 0.0019
146.4498 -45.1103 0.0018
144.6993 -46.1087 0.0018
142.6070 -47.2179 0.0018
140.8252 -48.1850 0.0017
139.2033 -49.0752 0.0017
137.2089 -50.2335 0.0017
135.4085 -51.2566 0.0016
133.2084 -52.4981 0.0016
131.6742 -53.3613 0.0016
130.0681 -54.2661 0.0016
127.8249 -55.5254 0.0015
125.8579 -56.6277 0.0015
123.8323 -57.7665 0.0015
121.7847 -58.9152 0.0014
119.7174 -60.0771 0.0014
117.8594 -61.1747 0.0014
116.2139 -62.1391 0.0014
114.1527 -63.3410 0.0013
112.2157 -64.4201 0.0013
110.2285 -65.5376 0.0013
108.3339 -66.6153 0.0013
106.2601 -67.8055 0.0012
104.2998 -68.9253 0.0012
102.4611 -69.9742 0.0012
100.7933 -70.9250 0.0012
99.0784 -71.9012 0.0012
96.9428 -73.1191 0.0012
94.9908 -74.2312 0.0011
92.9228 -75.4090 0.0011
90.8266 -76.6005 0.0011
88.6597 -77.7714 0.0011
87.1014 -78.6207 0.0011
85.3425 -79.5869 0.0011
83.2370 -80.7462 0.0011
81.1721 -81.8794 0.0010
79.1567 -82.9851 0.0010
77.0832 -84.1233 0.0010
75.4174 -85.0381 0.0010
73.7527 -85.9529 0.0010
71.6793 -87.0919 0.0010
69.7030 -88.1759 0.0010
67.7167 -89.2548 0.0010
65.7580 -90.1425 0.0010
64.1279 -90.7415 0.0010
62.2550 -91.4411 0.0010
60.3703 -92.0410 0.0010
58.2637 -92.7114 0.0009
56.0929 -93.2333 0.0009
54.5314 -93.6239 0.0009
52.8042 -93.9053 0.0009
50.7177 -93.9607 0.0009
48.6509 -93.8855 0.0009
46.8683 -93.9206 0.0009
45.2351 -93.9684 0.0009
43.2307 -93.8532 0.0008
41.4200 -93.4969 0.0008
39.7679 -93.0791 0.0008
37.9125 -92.7138 0.0008
36.0818 -92.3825 0.0008
34.9249 -92.1656 0.0008
34.0465 -91.9943 0.0008
33.3973 -91.8635 0.0008
33.1263 -91.8072 0.0007
32.9089 -91.7664 0.0007
