-2.2029 -76.4860 0.0005
-2.2029 -76.4860 0.0005
-2.2029 -76.4860 0.0005
-2.2029 -76.4860 0.0005
-2.2029 -76.4860 0.0005
-2.2029 -76.4860 0.0005
-2.2029 -76.4860 0.0005
-2.2029 -76.4860 0.0005
-2.3053 -76.3827 0.0005
-2.3053 -76.3827 0.0005
-3.6112 -74.8660 0.0004
-4.8821 -73.3192 0.0004
-4.8821 -73.3192 0.0004
-6.6424 -70.8903 0.0004
-8.3626 -68.4318 0.0004
-8.3626 -68.4318 0.0004
-10.4334 -65.6080 0.0003
-12.2579 -63.2185 0.0003
-14.9280 -60.2299 0.0003
-14.9280 -60.2299 0.0003
-15.9873 -59.1635 0.0003
-18.5955 -56.8183 0.0003
-18.5955 -56.8183 0.0003
-18.5955 -56.8183 0.0003
-18.5955 -56.8183 0.0003
-18.5955 -56.8183 0.0003
-18.5955 -56.8183 0.0003
-18.5955 -56.8183 0.0003
-18.5955 -56.8183 0.0003
-18.5955 -56.8183 0.0003
-18.5955 -56.8183 0.0003
-18.5955 -56.8183 0.0003
-18.5955 -56.8183 0.0003
-18.5955 -56.8183 0.0003
-18.5955 -56.8183 0.0003
-18.5955 -56.8183 0.0003
-18.5955 -56.8183 0.0003
-18.5955 -56.8183 0.0003
-18.5955 -56.8183 0.0003
-18.5955 -56.8183 0.0003
-22.6908 -53.9370 0.0003
-22.6908 -53.9370 0.0003
-25.3090 -52.4669 0.0003
-25.3090 -52.4669 0.0003
-27.9783 -51.0706 0.0003
-30.1492 -49.5574 0.0003
-30.1492 -49.5574 0.0003
-31.6155 -49.2418 0.0003
-33.0819 -48.9267 0.0003
-33.0819 -48.9267 0.0003
-34.3366 -49.1994 0.0003
-34.3366 -49.1994 0.0003
-36.1591 -48.3758 0.0003
-36.1591 -48.3758 0.0003
-36.1591 -48.3758 0.0003
-38.5385 -47.5243 0.0003
-38.5385 -47.5243 0.0003
-40.8038 -46.3999 0.0003
-40.8038 -46.3999 0.0003
-43.0645 -45.1175 0.0003
-43.0645 -45.1175 0.0003
-43.6980 -44.3435 0.0003
-43.6980 -44.3435 0.0003
-45.9088 -42.2007 0.0003
-47.1740 -40.0293 0.0003
-47.1740 -40.0293 0.0003
-47.6824 -39.1492 0.0003
-47.6824 -39.1492 0.0003
-47.6824 -39.1492 0.0003
-47.6824 -39.1492 0.0003
-47.6824 -39.1492 0.0003
-47.6824 -39.1492 0.0003
-47.6824 -39.1492 0.0003
-47.6824 -39.1492 0.0003
-47.6824 -39.1492 0.0003
-47.6824 -39.1492 0.0003
-47.6824 -39.1492 0.0003
-47.6824 -39.1492 0.0003
-47.6824 -39.1492 0.0003
-47.6824 -39.1492 0.0003
-47.6824 -39.1492 0.0003
-47.6824 -39.1492 0.0003
-47.6824 -39.1492 0.0003
-47.6824 -39.1492 0.0003
-47.6824 -39.1492 0.0003
-47.6824 -39.1492 0.0003
-47.6824 -39.1492 0.0003
-47.6824 -39.1492 0.0003
-47.6824 -39.1492 0.0003
-48.7845 -36.8365 0.0003
-48.7845 -36.8365 0.0003
-49.0697 -35.3552 0.0003
-49.0697 -35.3552 0.0003
-49.6090 -33.8418 0.0003
-49.6090 -33.8418 0.0003
-49.5882 -32.3283 0.0003
-49.3024 -30.8557 0.0003
-49.3024 -30.8557 0.0003
-49.2607 -29.8345 0.0003
-49.2607 -29.8345 0.0003
-49.2607 -29.8345 0.0003
-48.6283 -28.4170 0.0002
-48.4188 -26.4104 0.0002
-48.4188 -26.4104 0.0002
-48.5865 -24.9183 0.0002
-48.5865 -24.9183 0.0002
-48.6874 -22.9213 0.0002
-48.6874 -22.9213 0.0002
-48.5613 -21.9084 0.0002
-48.6729 -20.4113 0.0002
-48.6729 -20.4113 0.0002
-48.6028 -19.3865 0.0002
-48.6982 -17.8667 0.0002
-48.6982 -17.8667 0.0002
-48.9620 -16.3775 0.0002
-48.9620 -16.3775 0.0002
-49.3657 -14.3848 0.0002
-50.5503 -11.6242 0.0002
-51.2060 -10.2732 0.0002
-51.2060 -10.2732 0.0002
-51.2060 -10.2732 0.0002
-51.2060 -10.2732 0.0002
-51.2060 -10.2732 0.0002
-51.2060 -10.2732 0.0002
-51.2060 -10.2732 0.0002
-51.2060 -10.2732 0.0002
-51.2060 -10.2732 0.0002
-51.2060 -10.2732 0.0002
-51.2060 -10.2732 0.0002
-51.2060 -10.2732 0.0002
-51.2060 -10.2732 0.0002
-51.2060 -10.2732 0.0002
-51.2060 -10.2732 0.0002
-51.2060 -10.2732 0.0002
-51.2060 -10.2732 0.0002
-51.2060 -10.2732 0.0002
-51.2060 -10.2732 0.0002
-51.2060 -10.2732 0.0002
-51.2060 -10.2732 0.0002
-51.2060 -10.2732 0.0002
-52.5669 -7.5875 0.0002
-52.5669 -7.5875 0.0002
-53.0676 -6.7175 0.0002
-53.9550 -5.5084 0.0002
-53.9550 -5.5084 0.0002
-54.8424 -4.2992 0.0002
-54.8424 -4.2992 0.0002
-55.7298 -3.0903 0.0002
-56.6159 -1.8801 0.0003
-56.6159 -1.8801 0.0003
-56.9151 -1.4793 0.0003
-56.9151 -1.4793 0.0003
-58.3306 6.2566 0.0003
-58.3306 6.2566 0.0003
-59.2095 7.4721 0.0003
-59.2095 7.4721 0.0003
-60.3850 9.0900 0.0003
-60.6799 9.4936 0.0003
-60.6799 9.4936 0.0003
-61.8546 11.1123 0.0003
-61.8546 11.1123 0.0003
-62.4388 11.9237 0.0003
-62.4388 11.9237 0.0003
-62.7326 12.3283 0.0003
-62.7326 12.3283 0.0003
-63.6084 13.5461 0.0003
-63.6084 13.5461 0.0003
-64.4865 14.7619 0.0003
-65.0734 15.5714 0.0004
-65.0734 15.5714 0.0004
-65.0734 15.5714 0.0004
-65.0734 15.5714 0.0004
-65.0734 15.5714 0.0004
-65.0734 15.5714 0.0004
-65.0734 15.5714 0.0004
-65.0734 15.5714 0.0004
-65.0734 15.5714 0.0004
-65.0734 15.5714 0.0004
-65.0734 15.5714 0.0004
-68.2948 20.0288 0.0004
-68.2948 20.0288 0.0004
-69.1609 21.2534 0.0004
-72.0962 25.3007 0.0005
-72.0962 25.3007 0.0005
-75.0261 29.3518 0.0005
-77.6650 32.9961 0.0006
-77.6650 32.9961 0.0006
-80.4526 37.1474 0.0006
-80.4526 37.1474 0.0006
-82.5466 40.5566 0.0007
-82.5466 40.5566 0.0007
-82.5466 40.5566 0.0007
-82.5466 40.5566 0.0007
-82.5466 40.5566 0.0007
-82.5466 40.5566 0.0007
-82.5466 40.5566 0.0007
-82.5466 40.5566 0.0007
-82.5466 40.5566 0.0007
-82.5466 40.5566 0.0007
-82.5466 40.5566 0.0007
-82.5466 40.5566 0.0007
-82.5466 40.5566 0.0007
-82.5466 40.5566 0.0007
-82.5466 40.5566 0.0007
-82.5466 40.5566 0.0007
-82.5466 40.5566 0.0007
-82.5466 40.5566 0.0007
-82.5466 40.5566 0.0007
-82.5466 40.5566 0.0007
-82.5466 40.5566 0.0007
-82.5466 40.5566 0.0007
-82.5466 40.5566 0.0007
-82.5466 40.5566 0.0007
-82.5466 40.5566 0.0007
-87.0690 49.4787 0.0008
-88.6019 53.1759 0.0008
-90.5119 58.3354 0.0009
-90.5119 58.3354 0.0009
-91.6790 62.1638 0.0010
-92.7487 66.0189 0.0010
-93.8668 71.4070 0.0011
-93.8668 71.4070 0.0011
-94.4257 74.8635 0.0011
-94.9458 78.8306 0.0012
-94.9458 78.8306 0.0012
-95.4338 84.8125 0.0013
-95.5473 89.3131 0.0013
-95.5473 89.3131 0.0013
-95.4326 93.3144 0.0014
-94.8341 100.7913 0.0015
-94.8341 100.7913 0.0015
-94.3965 104.2645 0.0016
-92.8211 112.1098 0.0017
-92.8211 112.1098 0.0017
-92.8211 112.1098 0.0017
-89.7951 122.1642 0.0018
-89.7951 122.1642 0.0018
-88.5690 125.4438 0.0019
-85.5385 132.3069 0.0019
-85.5385 132.3069 0.0019
-83.2456 136.7521 0.0020
-83.2456 136.7521 0.0020
-81.2381 140.2141 0.0021
-81.2381 140.2141 0.0021
-81.2381 140.2141 0.0021
-81.2381 140.2141 0.0021
-81.2381 140.2141 0.0021
-81.2381 140.2141 0.0021
-81.2381 140.2141 0.0021
-81.2381 140.2141 0.0021
-81.2381 140.2141 0.0021
-81.2381 140.2141 0.0021
-81.2381 140.2141 0.0021
-81.2381 140.2141 0.0021
-81.2381 140.2141 0.0021
-81.2381 140.2141 0.0021
-81.2381 140.2141 0.0021
-81.2381 140.2141 0.0021
-81.2381 140.2141 0.0021
-81.2381 140.2141 0.0021
-81.2381 140.2141 0.0021
-81.2381 140.2141 0.0021
-81.2381 140.2141 0.0021
-81.2381 140.2141 0.0021
-81.2381 140.2141 0.0021
-81.2381 140.2141 0.0021
-81.2381 140.2141 0.0021
-81.2381 140.2141 0.0021
-81.2381 140.2141 0.0021
-81.2381 140.2141 0.0021
-77.1631 146.5103 0.0022
-77.1631 146.5103 0.0022
-74.4478 150.1017 0.0022
-71.2435 153.9430 0.0023
-71.2435 153.9430 0.0023
-67.4857 157.9617 0.0023
-67.4857 157.9617 0.0023
-63.5089 161.7636 0.0024
-60.1326 164.7397 0.0024
-56.2058 167.8384 0.0025
-56.2058 167.8384 0.0025
-52.9592 170.1780 0.0025
-52.9592 170.1780 0.0025
-48.7765 172.9210 0.0025
-46.1939 174.4509 0.0026
-46.1939 174.4509 0.0026
-43.1183 176.1258 0.0026
-40.4571 177.5122 0.0026
-40.4571 177.5122 0.0026
-35.4569 179.8079 0.0026
-32.6663 180.9142 0.0027
-32.6663 180.9142 0.0027
-28.4527 182.4964 0.0027
-24.3129 184.2609 0.0027
-24.3129 184.2609 0.0027
-20.3205 186.3455 0.0028
-20.3205 186.3455 0.0028
-18.1716 187.6289 0.0028
-13.5792 190.6605 0.0029
-13.5792 190.6605 0.0029
-9.6499 193.7595 0.0030
-3.0912 199.9249 0.0031
-3.0912 199.9249 0.0031
0.2266 203.6693 0.0033
0.2266 203.6693 0.0033
6.2544 212.2706 0.0035
9.0527 217.5847 0.0037
9.0527 217.5847 0.0037
9.0527 217.5847 0.0037
9.0527 217.5847 0.0037
9.0527 217.5847 0.0037
9.0527 217.5847 0.0037
9.0527 217.5847 0.0037
9.0527 217.5847 0.0037
9.0527 217.5847 0.0037
9.0527 217.5847 0.0037
9.0527 217.5847 0.0037
9.0527 217.5847 0.0037
9.0527 217.5847 0.0037
9.0527 217.5847 0.0037
9.0527 217.5847 0.0037
9.0527 217.5847 0.0037
9.0527 217.5847 0.0037
9.0527 217.5847 0.0037
9.0527 217.5847 0.0037
9.0527 217.5847 0.0037
9.0527 217.5847 0.0037
9.0527 217.5847 0.0037
9.0527 217.5847 0.0037
9.0527 217.5847 0.0037
9.0527 217.5847 0.0037
9.0527 217.5847 0.0037
9.0527 217.5847 0.0037
9.0527 217.5847 0.0037
9.0527 217.5847 0.0037
9.0527 217.5847 0.0037
9.0527 217.5847 0.0037
9.0527 217.5847 0.0037
9.0527 217.5847 0.0037
9.0527 217.5847 0.0037
9.0527 217.5847 0.0037
12.6102 226.3949 0.0040
14.6122 233.6249 0.0043
14.6122 233.6249 0.0043
15.5726 239.0439 0.0045
16.2699 249.0152 0.0049
16.2699 249.0152 0.0049
15.9259 253.5165 0.0051
15.9259 253.5165 0.0051
15.7382 261.0136 0.0054
15.5868 267.0112 0.0056
15.5868 267.0112 0.0056
15.3223 277.5070 0.0061
15.3223 277.5070 0.0061
15.1849 283.0049 0.0063
15.1849 283.0049 0.0063
14.9832 291.0017 0.0067
14.9832 291.0017 0.0067
14.8698 295.4999 0.0069
14.6316 304.9962 0.0073
14.6316 304.9962 0.0073
14.2634 319.1562 0.0080
14.2634 319.1562 0.0080
14.1678 328.6544 0.0085
14.1678 328.6544 0.0085
15.4156 341.0869 0.0092
15.4156 341.0869 0.0092
15.4156 341.0869 0.0092
15.4156 341.0869 0.0092
15.4156 341.0869 0.0092
15.4156 341.0869 0.0092
15.4156 341.0869 0.0092
15.4156 341.0869 0.0092
15.4156 341.0869 0.0092
15.4156 341.0869 0.0092
15.4156 341.0869 0.0092
15.4156 341.0869 0.0092
15.4156 341.0869 0.0092
15.4156 341.0869 0.0092
15.4156 341.0869 0.0092
15.4156 341.0869 0.0092
15.4156 341.0869 0.0092
15.4156 341.0869 0.0092
15.4156 341.0869 0.0092
15.4156 341.0869 0.0092
15.4156 341.0869 0.0092
15.4156 341.0869 0.0092
15.4156 341.0869 0.0092
15.4156 341.0869 0.0092
15.4156 341.0869 0.0092
15.4156 341.0869 0.0092
15.4156 341.0869 0.0092
15.4156 341.0869 0.0092
15.4156 341.0869 0.0092
15.4156 341.0869 0.0092
15.4156 341.0869 0.0092
17.2828 349.8923 0.0096
18.4127 353.7330 0.0099
18.4127 353.7330 0.0099
19.4523 357.0757 0.0101
21.4948 362.7192 0.0104
21.4948 362.7192 0.0104
24.8383 369.9902 0.0108
26.4576 373.0942 0.0110
26.4576 373.0942 0.0110
29.2888 377.8125 0.0113
35.0483 385.9906 0.0118
35.0483 385.9906 0.0118
35.0483 385.9906 0.0118
37.9704 390.0472 0.0121
37.9704 390.0472 0.0121
40.1101 393.4285 0.0123
42.5664 397.7860 0.0126
42.5664 397.7860 0.0126
44.6852 402.3196 0.0129
47.5472 410.3277 0.0134
47.5472 410.3277 0.0134
49.9239 421.9082 0.0142
49.9838 422.2667 0.0142
50.0194 422.5038 0.0142
50.0704 422.8910 0.0143
50.0951 423.1166 0.0143
50.1128 423.2956 0.0143
50.1534 423.7208 0.0143
50.1863 424.0615 0.0143
50.2204 424.4723 0.0144
50.2317 424.6517 0.0144
50.2431 424.8904 0.0144
50.2515 425.2349 0.0144
50.2529 425.4884 0.0144
50.2531 425.6672 0.0144
50.2565 426.0727 0.0145
50.2621 426.3896 0.0145
50.2761 426.7921 0.0145
50.2859 426.9759 0.0145
50.2997 427.2172 0.0145
50.3166 427.6019 0.0146
50.3304 427.9397 0.0146
50.3397 428.1176 0.0146
50.3537 428.3509 0.0146
50.3650 428.5278 0.0146
50.3914 428.9340 0.0147
50.4124 429.2565 0.0147
50.4399 429.6742 0.0147
50.4516 429.8514 0.0147
50.4673 430.0880 0.0147
50.5093 430.7167 0.0148
50.5346 431.0998 0.0148
50.5491 431.3773 0.0148
50.5629 431.7697 0.0149
50.5692 432.0452 0.0149
50.5748 432.2554 0.0149
50.5927 432.7242 0.0149
50.6025 432.9335 0.0149
50.6132 433.1549 0.0150
50.6266 433.4292 0.0150
50.6583 434.0690 0.0150
50.6789 434.4793 0.0150
50.6928 434.7571 0.0151
50.7035 434.9712 0.0151
50.7280 435.4624 0.0151
50.7377 435.6766 0.0151
50.7513 436.1838 0.0152
50.7537 436.4264 0.0152
50.7535 436.6431 0.0152
50.7496 436.9414 0.0152
50.7330 437.6519 0.0153
50.7269 438.0975 0.0153
50.7266 438.4054 0.0153
50.7292 438.8759 0.0153
50.7315 439.1608 0.0154
50.7326 439.3882 0.0154
50.7303 439.6332 0.0154
50.7233 439.9321 0.0154
50.7077 440.3836 0.0155
50.6979 440.7066 0.0155
50.6924 440.9322 0.0155
50.6864 441.4391 0.0155
50.6847 441.6590 0.0155
50.6830 441.9124 0.0156
50.6808 442.2134 0.0156
50.6775 442.6669 0.0156
50.6742 442.9658 0.0156
50.6512 443.6726 0.0157
50.6339 444.1524 0.0157
50.6269 444.4508 0.0157
50.6226 444.6742 0.0157
50.6128 445.2054 0.0158
50.6088 445.4261 0.0158
50.6018 445.6776 0.0158
50.5897 445.9948 0.0158
50.5631 446.4503 0.0159
50.5403 446.7470 0.0159
50.4977 447.1899 0.0159
50.4670 447.4902 0.0159
50.4450 447.7080 0.0160
50.4008 448.2135 0.0160
50.3826 448.4501 0.0160
50.3674 448.6689 0.0160
50.3473 448.9729 0.0160
50.3014 449.6876 0.0161
50.2741 450.1189 0.0161
50.2555 450.4188 0.0162
50.2288 450.8523 0.0162
50.2109 451.1469 0.0162
50.1979 451.3635 0.0162
50.1829 451.6136 0.0162
50.1665 451.9038 0.0163
50.1462 452.3546 0.0163
50.1358 452.6672 0.0163
50.1195 453.0979 0.0163
50.1043 453.4139 0.0164
50.0845 453.8095 0.0164
50.0573 454.3453 0.0164
50.0466 454.5562 0.0164
50.0319 454.8431 0.0165
50.0100 455.2687 0.0165
49.9902 455.6522 0.0165
49.9785 455.8765 0.0165
49.9524 456.3773 0.0166
49.9317 456.7708 0.0166
49.9062 457.2593 0.0166
49.8961 457.4752 0.0167
49.8852 457.7665 0.0167
49.8760 458.2040 0.0167
49.8723 458.4880 0.0167
49.8611 458.9156 0.0168
49.8505 459.2092 0.0168
49.8419 459.4388 0.0168
49.8228 459.9424 0.0168
49.8074 460.3484 0.0169
49.7886 460.8399 0.0169
49.7808 461.0437 0.0169
49.7686 461.3559 0.0169
49.7523 461.7745 0.0170
49.7417 462.0418 0.0170
49.7250 462.4634 0.0170
49.7134 462.7515 0.0170
49.7044 462.9739 0.0170
49.6847 463.4635 0.0171
49.6689 463.8558 0.0171
49.6477 464.3845 0.0172
49.6389 464.6050 0.0172
49.6279 464.8904 0.0172
49.6155 465.3384 0.0172
49.6117 465.6348 0.0172
49.6089 466.0849 0.0173
49.6053 466.3703 0.0173
49.6014 466.5909 0.0173
49.5883 467.1354 0.0174
49.5783 467.5272 0.0174
49.5650 468.0420 0.0174
49.5594 468.2544 0.0174
49.5517 468.5494 0.0175
49.5396 469.0066 0.0175
49.5317 469.2972 0.0175
49.5261 469.5065 0.0175
49.5125 470.0032 0.0176
49.5070 470.2026 0.0176
49.4922 470.7345 0.0176
49.4816 471.1174 0.0176
49.4679 471.6120 0.0177
49.4621 471.8196 0.0177
49.4539 472.1160 0.0177
49.4340 472.8206 0.0178
49.4220 473.2460 0.0178
49.4134 473.5503 0.0178
49.3937 474.2616 0.0179
49.3811 474.7173 0.0179
49.3730 475.0088 0.0179
49.3608 475.4497 0.0180
49.3523 475.7559 0.0180
49.3463 475.9676 0.0180
49.3314 476.4915 0.0180
49.3252 476.7073 0.0181
49.3182 476.9532 0.0181
49.3094 477.2631 0.0181
49.2880 478.0158 0.0182
49.2751 478.4750 0.0182
49.2663 478.7864 0.0182
49.2533 479.2510 0.0183
49.2442 479.5726 0.0183
49.2373 479.8132 0.0183
49.2213 480.3728 0.0183
49.2142 480.6187 0.0184
49.2072 480.8626 0.0184
49.1973 481.2100 0.0184
49.1757 481.9717 0.0185
49.1619 482.4609 0.0185
49.1526 482.7925 0.0185
49.1387 483.2840 0.0186
49.1297 483.6026 0.0186
49.1229 483.8426 0.0186
49.1065 484.4226 0.0186
49.0995 484.6710 0.0187
49.0921 484.9364 0.0187
49.0780 485.4372 0.0187
49.0705 485.7034 0.0187
49.0612 486.0311 0.0188
49.0545 486.2683 0.0188
49.0383 486.8454 0.0188
49.0316 487.0817 0.0188
49.0251 487.3117 0.0189
49.0152 487.6632 0.0189
48.9940 488.4158 0.0189
48.9797 488.9219 0.0190
48.9709 489.2336 0.0190
48.9578 489.6952 0.0190
48.9485 490.0273 0.0191
48.9421 490.2539 0.0191
48.9269 490.7916 0.0191
48.9195 491.0520 0.0191
48.9132 491.2748 0.0192
48.9047 491.5763 0.0192
48.8831 492.3420 0.0192
48.8702 492.7999 0.0193
48.8609 493.1281 0.0193
48.8481 493.5808 0.0193
48.8388 493.9107 0.0194
48.8320 494.1533 0.0194
48.8168 494.6889 0.0194
48.8042 495.1372 0.0195
48.7889 495.6788 0.0195
48.7827 495.9013 0.0195
48.7730 496.2456 0.0195
48.7529 496.9568 0.0196
48.7397 497.4255 0.0196
48.7310 497.7357 0.0197
48.7176 498.2106 0.0197
48.7091 498.5111 0.0197
48.7028 498.7360 0.0197
48.6868 499.2992 0.0198
48.6802 499.5341 0.0198
48.6736 499.7641 0.0198
48.6643 500.0923 0.0199
48.6421 500.8739 0.0199
48.6283 501.3609 0.0200
48.6184 501.7092 0.0200
48.5961 502.4985 0.0200
48.5823 502.9873 0.0201
48.5724 503.3371 0.0201
48.5593 503.7986 0.0201
48.5501 504.1217 0.0202
48.5432 504.3668 0.0202
48.5265 504.9563 0.0202
48.5196 505.1995 0.0203
48.5127 505.4420 0.0203
48.5022 505.8143 0.0203
48.4886 506.2921 0.0203
48.4795 506.6123 0.0204
48.4652 507.1167 0.0204
48.4555 507.4596 0.0204
48.4430 507.9027 0.0205
48.4261 508.4981 0.0205
48.4097 509.0787 0.0206
48.3966 509.5415 0.0206
48.3806 510.1072 0.0206
48.3732 510.3668 0.0207
48.3633 510.7168 0.0207
48.3493 511.2148 0.0207
48.3402 511.5336 0.0208
48.3231 511.9896 0.0208
48.3049 512.3226 0.0208
48.2888 512.5688 0.0208
48.2407 513.1235 0.0209
48.1955 513.5663 0.0209
48.1419 514.1201 0.0210
48.1206 514.3719 0.0210
48.0942 514.7267 0.0210
48.0624 515.1796 0.0211
48.0399 515.5040 0.0211
48.0063 515.9917 0.0211
47.9844 516.3130 0.0211
47.9669 516.5700 0.0212
47.9484 516.8452 0.0212
47.9142 517.3598 0.0212
47.8990 517.5916 0.0212
47.8781 517.9121 0.0213
47.8460 518.4077 0.0213
47.8263 518.7124 0.0213
47.8099 518.9526 0.0214
47.7612 519.5204 0.0214
47.7162 519.9435 0.0214
47.6416 520.5111 0.0215
47.6081 520.7352 0.0215
47.5593 521.0533 0.0215
47.4901 521.5370 0.0216
47.4499 521.8435 0.0216
47.3941 522.2994 0.0216
47.3545 522.6157 0.0217
47.3233 522.8467 0.0217
47.2395 523.3899 0.0217
47.1649 523.8206 0.0217
47.0727 524.3572 0.0218
47.0376 524.5805 0.0218
46.9919 524.8897 0.0218
46.8874 525.6218 0.0219
46.8204 526.0717 0.0219
46.7684 526.3855 0.0220
46.6327 527.0951 0.0220
46.5402 527.5312 0.0221
46.4710 527.8600 0.0221
46.3898 528.2610 0.0221
46.3321 528.5563 0.0221
46.2873 528.7820 0.0222
46.1693 529.3372 0.0222
46.0745 529.7396 0.0222
45.9398 530.2566 0.0223
45.7984 530.7777 0.0223
45.6880 531.1943 0.0224
45.5603 531.7117 0.0224
45.5080 531.9330 0.0224
45.4291 532.2461 0.0224
45.3132 532.6709 0.0225
45.2267 532.9672 0.0225
45.1562 533.1957 0.0225
44.9931 533.6913 0.0226
44.8553 534.1048 0.0226
44.6957 534.6007 0.0226
44.6274 534.8135 0.0226
44.5278 535.1146 0.0227
44.3813 535.5337 0.0227
44.2740 535.8214 0.0227
44.1858 536.0461 0.0227
44.0031 536.5023 0.0228
43.8559 536.8768 0.0228
43.6700 537.3687 0.0229
43.5964 537.5734 0.0229
43.4928 537.8675 0.0229
43.3489 538.2803 0.0229
43.2521 538.5535 0.0230
43.1778 538.7575 0.0230
42.9915 539.2396 0.0230
42.9121 539.4381 0.0230
42.7199 539.9280 0.0231
42.5828 540.2957 0.0231
42.4053 540.7812 0.0231
42.3253 541.0009 0.0232
42.2241 541.2713 0.0232
42.0612 541.6861 0.0232
41.9415 541.9739 0.0232
41.8562 542.1722 0.0233
41.6274 542.6707 0.0233
41.4557 543.0285 0.0233
41.2351 543.4970 0.0234
41.1433 543.6942 0.0234
41.0202 543.9508 0.0234
40.8349 544.3184 0.0234
40.6865 544.5986 0.0235
40.5819 544.7883 0.0235
40.3350 545.2232 0.0235
40.1472 545.5565 0.0235
39.9026 545.9879 0.0236
39.7954 546.1706 0.0236
39.6384 546.4291 0.0236
39.4209 546.7743 0.0236
39.2687 547.0143 0.0236
39.1463 547.2090 0.0237
38.8911 547.6230 0.0237
38.6972 547.9508 0.0237
38.4507 548.3812 0.0238
38.3506 548.5577 0.0238
38.2004 548.8235 0.0238
37.8834 549.3869 0.0238
37.6694 549.7678 0.0239
37.5286 550.0186 0.0239
37.3122 550.4044 0.0239
37.1682 550.6618 0.0240
37.0601 550.8551 0.0240
36.8064 551.3088 0.0240
36.5939 551.6891 0.0240
36.3187 552.1644 0.0241
36.1857 552.3854 0.0241
36.0093 552.6689 0.0241
35.7578 553.0682 0.0242
35.5912 553.3373 0.0242
35.4684 553.5383 0.0242
35.1905 554.0026 0.0242
34.9646 554.3828 0.0243
34.6846 554.8542 0.0243
34.5700 555.0471 0.0243
34.4092 555.3183 0.0243
34.1756 555.7126 0.0244
33.9972 556.0066 0.0244
33.8761 556.2014 0.0244
33.5689 556.6741 0.0245
33.3223 557.0349 0.0245
33.0032 557.4760 0.0245
32.8618 557.6657 0.0245
32.6538 557.9435 0.0246
32.3885 558.3015 0.0246
32.2078 558.5517 0.0246
32.0710 558.7418 0.0246
31.7320 559.1960 0.0247
31.4726 559.5277 0.0247
31.1289 559.9516 0.0247
30.9827 560.1308 0.0247
30.7896 560.3722 0.0248
30.4947 560.7509 0.0248
30.3079 560.9974 0.0248
30.1693 561.1788 0.0248
29.8289 561.6106 0.0249
29.5762 561.9174 0.0249
29.2026 562.3494 0.0249
29.0545 562.5128 0.0249
28.8403 562.7439 0.0250
28.5424 563.0643 0.0250
28.3286 563.2981 0.0250
28.1806 563.4594 0.0250
27.8222 563.8354 0.0251
27.5327 564.1243 0.0251
27.1511 564.4843 0.0251
26.9915 564.6285 0.0251
26.7665 564.8287 0.0251
26.4305 565.1301 0.0252
26.1857 565.3519 0.0252
26.0290 565.4969 0.0252
25.6534 565.8546 0.0252
25.3460 566.1465 0.0253
24.9559 566.5032 0.0253
24.7797 566.6629 0.0253
24.5538 566.8706 0.0253
24.2414 567.1649 0.0253
24.0082 567.3890 0.0254
23.8488 567.5429 0.0254
23.4918 567.8883 0.0254
23.1914 568.1796 0.0254
22.8335 568.5269 0.0255
22.6699 568.6862 0.0255
22.4415 568.9082 0.0255
22.0164 569.3222 0.0255
21.6484 569.6807 0.0256
21.4904 569.8347 0.0256
21.2660 570.0532 0.0256
20.9528 570.3583 0.0256
20.7159 570.5891 0.0256
20.5583 570.7427 0.0256
20.1695 571.1214 0.0257
19.8454 571.4371 0.0257
19.4534 571.8190 0.0257
19.0303 572.2313 0.0258
18.7111 572.5424 0.0258
18.3037 572.9396 0.0258
18.1309 573.1072 0.0259
17.8869 573.3383 0.0259
17.5392 573.6567 0.0259
17.2966 573.8703 0.0259
17.1175 574.0249 0.0259
16.6894 574.3964 0.0260
16.5162 574.5508 0.0260
16.1039 574.9271 0.0260
15.7752 575.2287 0.0260
15.3579 575.6111 0.0261
15.1811 575.7731 0.0261
14.9455 575.9893 0.0261
14.5997 576.3066 0.0261
14.3423 576.5430 0.0262
14.1739 576.6978 0.0262
13.7756 577.0642 0.0262
13.4653 577.3494 0.0262
13.0697 577.7131 0.0263
12.8960 577.8728 0.0263
12.6615 578.0887 0.0263
12.3200 578.4026 0.0263
12.0912 578.6131 0.0263
11.7666 578.9118 0.0264
11.5248 579.1343 0.0264
11.3619 579.2843 0.0264
10.9759 579.6414 0.0264
10.6592 579.9417 0.0265
10.2844 580.3120 0.0265
10.1260 580.4751 0.0265
9.8944 580.7208 0.0265
9.6002 581.0409 0.0266
9.3937 581.2627 0.0266
9.2205 581.4457 0.0266
8.8302 581.8495 0.0266
8.5385 582.1535 0.0267
8.1758 582.5448 0.0267
8.0160 582.7234 0.0267
7.8128 582.9572 0.0267
7.5337 583.2811 0.0268
7.3143 583.5311 0.0268
7.1702 583.6938 0.0268
6.8167 584.0818 0.0268
6.6740 584.2365 0.0268
6.3222 584.6177 0.0269
6.0410 584.9283 0.0269
5.7039 585.3142 0.0269
5.3561 585.7324 0.0270
5.1014 586.0389 0.0270
4.7569 586.4394 0.0270
4.4144 586.8281 0.0271
4.1393 587.1397 0.0271
3.8101 587.5224 0.0271
3.6707 587.6900 0.0272
3.4756 587.9310 0.0272
3.2074 588.2704 0.0272
3.0214 588.5041 0.0272
2.7423 588.8476 0.0273
2.5521 589.0764 0.0273
2.4113 589.2446 0.0273
2.2632 589.4212 0.0273
2.0756 589.6461 0.0273
1.8047 589.9815 0.0274
1.6097 590.2316 0.0274
1.3592 590.5640 0.0274
1.1615 590.8386 0.0274
1.0233 591.0335 0.0275
0.6433 591.5594 0.0275
0.6183 591.5938 0.0275
0.4224 591.8661 0.0275
0.2551 592.1035 0.0276
0.1313 592.2851 0.0276
-0.1483 592.7165 0.0276
-0.2537 592.8871 0.0276
-0.3625 593.0694 0.0277
-0.4980 593.3053 0.0277
-0.7006 593.6790 0.0277
-0.8386 593.9485 0.0277
-1.0181 594.3099 0.0278
-1.1488 594.5729 0.0278
-1.3274 594.9282 0.0278
-1.5579 595.3775 0.0279
-1.6489 595.5563 0.0279
-1.7767 595.8141 0.0279
-1.9598 596.1998 0.0280
-2.0812 596.4670 0.0280
-2.1666 596.6563 0.0280
-2.3844 597.1276 0.0280
-2.5457 597.4650 0.0281
-2.7669 597.9073 0.0281
-2.8623 598.0931 0.0281
-2.9945 598.3497 0.0282
-3.1886 598.7258 0.0282
-3.3084 598.9644 0.0282
-3.3981 599.1480 0.0282
-3.6255 599.6320 0.0283
-3.7812 599.9621 0.0283
-4.0042 600.4191 0.0283
-4.0894 600.5906 0.0284
-4.2221 600.8566 0.0284
-4.4058 601.2355 0.0284
-4.5235 601.4883 0.0284
-4.6060 601.6718 0.0285
-4.7993 602.1200 0.0285
-4.9438 602.4532 0.0285
-5.0684 602.7304 0.0286
-5.2383 603.0982 0.0286
-5.3522 603.3445 0.0286
-5.5224 603.7228 0.0287
-5.6315 603.9768 0.0287
-5.7121 604.1679 0.0287
-5.9044 604.6069 0.0287
-6.0525 604.9368 0.0288
-6.1732 605.2104 0.0288
-6.3219 605.5615 0.0288
-6.4393 605.8421 0.0289
-6.6889 606.4141 0.0289
-6.8509 606.7851 0.0290
-6.9571 607.0380 0.0290
-7.0315 607.2202 0.0290
-7.2062 607.6757 0.0290
-7.2708 607.8546 0.0291
-7.3414 608.0591 0.0291
-7.4227 608.3088 0.0291
-7.6030 608.9241 0.0292
-7.7039 609.2947 0.0292
-7.7838 609.5816 0.0292
-7.8368 609.7690 0.0292
-7.9640 610.1942 0.0293
-8.0214 610.3757 0.0293
-8.0808 610.5604 0.0293
-8.1623 610.8066 0.0293
-8.3575 611.3853 0.0294
-8.4940 611.7858 0.0294
-8.5858 612.0532 0.0295
-8.6524 612.2467 0.0295
-8.7168 612.4334 0.0295
-9.2901 616.9204 0.0299
-9.2901 616.9204 0.0299
-9.7012 622.4368 0.0305
-9.7012 622.4368 0.0305
-9.7012 622.4368 0.0305
-9.7012 622.4368 0.0305
-10.5971 628.8741 0.0311
-10.5971 628.8741 0.0311
-10.5971 628.8741 0.0311
-10.5971 628.8741 0.0311
-10.5971 628.8741 0.0311
-10.5971 628.8741 0.0311
-10.5971 628.8741 0.0311
-10.5971 628.8741 0.0311
-10.5971 628.8741 0.0311
-10.5971 628.8741 0.0311
-10.5971 628.8741 0.0311
-10.5971 628.8741 0.0311
-10.5971 628.8741 0.0311
-10.5971 628.8741 0.0311
-10.5971 628.8741 0.0311
-10.5971 628.8741 0.0311
-10.5971 628.8741 0.0311
-10.5971 628.8741 0.0311
-10.5971 628.8741 0.0311
-10.5971 628.8741 0.0311
-10.5971 628.8741 0.0311
-10.5971 628.8741 0.0311
-10.5971 628.8741 0.0311
-10.5971 628.8741 0.0311
-10.5971 628.8741 0.0311
-10.5971 628.8741 0.0311
-11.1432 635.8550 0.0318
-11.1432 635.8550 0.0318
-11.7886 643.3267 0.0326
-11.9830 646.3205 0.0329
-11.9830 646.3205 0.0329
-12.2315 649.8114 0.0332
-12.2315 649.8114 0.0332
-12.6277 655.2965 0.0338
-12.6277 655.2965 0.0338
-12.9174 659.2855 0.0342
-13.2053 663.2747 0.0346
-13.2053 663.2747 0.0346
-13.7765 669.9884 0.0353
-14.8212 677.4150 0.0361
-14.8212 677.4150 0.0361
-16.9630 686.6724 0.0371
-16.9630 686.6724 0.0371
-18.3229 691.4845 0.0376
-18.3229 691.4845 0.0376
-24.0828 706.9346 0.0393
-26.7015 712.3334 0.0400
-26.7015 712.3334 0.0400
-30.0378 718.4873 0.0407
-30.0378 718.4873 0.0407
-35.9927 727.7319 0.0417
-35.9927 727.7319 0.0417
-39.6081 732.5220 0.0423
-39.6081 732.5220 0.0423
-39.6081 732.5220 0.0423
-39.6081 732.5220 0.0423
-39.6081 732.5220 0.0423
-39.6081 732.5220 0.0423
-39.6081 732.5220 0.0423
-39.6081 732.5220 0.0423
-39.6081 732.5220 0.0423
-39.6081 732.5220 0.0423
-39.6081 732.5220 0.0423
-39.6081 732.5220 0.0423
-39.6081 732.5220 0.0423
-39.6081 732.5220 0.0423
-39.6081 732.5220 0.0423
-39.6081 732.5220 0.0423
-39.6081 732.5220 0.0423
-39.6081 732.5220 0.0423
-39.6081 732.5220 0.0423
-39.6081 732.5220 0.0423
-39.6081 732.5220 0.0423
-39.6081 732.5220 0.0423
-39.6081 732.5220 0.0423
-39.6081 732.5220 0.0423
-39.6081 732.5220 0.0423
-39.6081 732.5220 0.0423
-39.6081 732.5220 0.0423
-39.6081 732.5220 0.0423
-46.7262 740.9068 0.0433
-52.3423 746.6067 0.0440
-55.8128 750.2061 0.0445
-55.8128 750.2061 0.0445
-60.7611 755.8424 0.0452
-68.7696 766.7061 0.0466
-68.7696 766.7061 0.0466
-72.6795 773.1070 0.0474
-72.6795 773.1070 0.0474
-72.6795 773.1070 0.0474
-73.8634 775.3105 0.0477
-73.8634 775.3105 0.0477
-73.8634 775.3105 0.0477
-73.8634 775.3105 0.0477
-73.8634 775.3105 0.0477
-73.8634 775.3105 0.0477
-73.8634 775.3105 0.0477
-73.8634 775.3105 0.0477
-73.8634 775.3105 0.0477
-73.8634 775.3105 0.0477
-73.8634 775.3105 0.0477
-73.8634 775.3105 0.0477
-73.8634 775.3105 0.0477
-73.8634 775.3105 0.0477
-73.8634 775.3105 0.0477
-73.8634 775.3105 0.0477
-73.8634 775.3105 0.0477
-73.8634 775.3105 0.0477
-73.8634 775.3105 0.0477
-73.8634 775.3105 0.0477
-73.8634 775.3105 0.0477
-73.8634 775.3105 0.0477
-73.8634 775.3105 0.0477
-73.8634 775.3105 0.0477
-77.5218 782.7392 0.0486
-77.5218 782.7392 0.0486
-78.9712 786.4654 0.0491
-78.9712 786.4654 0.0491
-80.4194 790.1938 0.0496
-82.4125 795.3199 0.0503
-82.4125 795.3199 0.0503
-83.7945 799.0734 0.0508
-83.7945 799.0734 0.0508
-85.3507 804.8745 0.0515
-86.6485 810.4454 0.0522
-86.6485 810.4454 0.0522
-87.4657 815.3793 0.0529
-87.4657 815.3793 0.0529
-88.1221 820.3364 0.0535
-88.6264 826.8180 0.0544
-88.6264 826.8180 0.0544
-88.7857 830.8155 0.0549
-88.7857 830.8155 0.0549
-88.8154 836.8158 0.0557
-88.8154 836.8158 0.0557
-88.8154 836.8158 0.0557
-88.6690 841.3140 0.0563
-88.6690 841.3140 0.0563
-88.0528 848.2879 0.0572
-87.3165 853.7393 0.0579
-87.3165 853.7393 0.0579
-87.3165 853.7393 0.0579
-86.3559 858.6484 0.0586
-86.3559 858.6484 0.0586
-86.3559 858.6484 0.0586
-86.3559 858.6484 0.0586
-86.3559 858.6484 0.0586
-86.3559 858.6484 0.0586
-86.3559 858.6484 0.0586
-86.3559 858.6484 0.0586
-86.3559 858.6484 0.0586
-86.3559 858.6484 0.0586
-86.3559 858.6484 0.0586
-86.3559 858.6484 0.0586
-86.3559 858.6484 0.0586
-86.3559 858.6484 0.0586
-86.3559 858.6484 0.0586
-86.3559 858.6484 0.0586
-86.3559 858.6484 0.0586
-86.3559 858.6484 0.0586
-86.3559 858.6484 0.0586
-86.3559 858.6484 0.0586
-86.3559 858.6484 0.0586
-86.3559 858.6484 0.0586
-86.3559 858.6484 0.0586
-86.3559 858.6484 0.0586
-86.3559 858.6484 0.0586
-86.3559 858.6484 0.0586
-86.3559 858.6484 0.0586
-86.3559 858.6484 0.0586
-86.3559 858.6484 0.0586
-86.3559 858.6484 0.0586
-86.3559 858.6484 0.0586
-86.3559 858.6484 0.0586
-86.3559 858.6484 0.0586
-86.3559 858.6484 0.0586
-86.3559 858.6484 0.0586
-86.3559 858.6484 0.0586
-86.3559 858.6484 0.0586
-84.4759 866.4248 0.0596
-84.4759 866.4248 0.0596
-83.5535 869.8010 0.0600
-81.8583 875.0349 0.0607
-81.8583 875.0349 0.0607
-80.2372 879.2350 0.0613
-79.1252 882.0211 0.0617
-79.1252 882.0211 0.0617
-76.4020 887.9249 0.0625
-76.4020 887.9249 0.0625
-74.8032 891.0395 0.0629
-72.1443 895.8545 0.0635
-72.1443 895.8545 0.0635
-70.1095 899.2986 0.0640
-70.1095 899.2986 0.0640
-67.0829 903.8931 0.0646
-67.0829 903.8931 0.0646
-62.6965 909.9776 0.0654
-58.1961 915.3429 0.0661
-58.1961 915.3429 0.0661
-54.1430 919.7685 0.0667
-54.1430 919.7685 0.0667
-47.2171 926.2727 0.0676
-39.0816 932.9119 0.0686
-39.0816 932.9119 0.0686
-33.3453 936.9280 0.0691
-33.3453 936.9280 0.0691
-17.1707 945.8858 0.0704
-17.1707 945.8858 0.0704
-12.1375 948.1052 0.0707
-12.1375 948.1052 0.0707
-5.1215 950.7578 0.0711
-0.8296 952.1142 0.0713
-0.8296 952.1142 0.0713
-0.8296 952.1142 0.0713
5.4393 953.8330 0.0715
5.4393 953.8330 0.0715
5.4393 953.8330 0.0715
5.4393 953.8330 0.0715
5.4393 953.8330 0.0715
5.4393 953.8330 0.0715
5.4393 953.8330 0.0715
5.4393 953.8330 0.0715
5.4393 953.8330 0.0715
5.4393 953.8330 0.0715
5.4393 953.8330 0.0715
5.4393 953.8330 0.0715
5.4393 953.8330 0.0715
5.4393 953.8330 0.0715
5.4393 953.8330 0.0715
5.4393 953.8330 0.0715
5.4393 953.8330 0.0715
5.4393 953.8330 0.0715
5.4393 953.8330 0.0715
5.4393 953.8330 0.0715
5.4393 953.8330 0.0715
5.4393 953.8330 0.0715
5.4393 953.8330 0.0715
5.4393 953.8330 0.0715
5.4393 953.8330 0.0715
5.4393 953.8330 0.0715
5.4393 953.8330 0.0715
5.4393 953.8330 0.0715
5.4393 953.8330 0.0715
5.4393 953.8330 0.0715
5.4393 953.8330 0.0715
5.4393 953.8330 0.0715
5.4393 953.8330 0.0715
5.4393 953.8330 0.0715
5.4393 953.8330 0.0715
5.4393 953.8330 0.0715
5.4393 953.8330 0.0715
5.4393 953.8330 0.0715
12.2958 955.2589 0.0718
12.2958 955.2589 0.0718
16.2393 955.9363 0.0719
16.2393 955.9363 0.0719
18.7225 956.2447 0.0719
18.7225 956.2447 0.0719
23.6877 956.8390 0.0720
26.6794 957.0765 0.0721
26.6794 957.0765 0.0721
30.1792 957.1968 0.0721
30.1792 957.1968 0.0721
33.6774 957.2993 0.0721
35.6781 957.2726 0.0722
35.6781 957.2726 0.0722
41.1765 957.1167 0.0722
41.1765 957.1167 0.0722
41.1765 957.1167 0.0722
45.6640 956.7618 0.0721
45.6640 956.7618 0.0721
51.1378 956.2167 0.0721
51.1378 956.2167 0.0721
57.0938 955.4892 0.0720
57.0938 955.4892 0.0720
57.0938 955.4892 0.0720
62.0102 954.5645 0.0719
62.0102 954.5645 0.0719
68.7840 952.7869 0.0718
74.9919 950.8579 0.0715
74.9919 950.8579 0.0715
82.9454 947.8536 0.0712
82.9454 947.8536 0.0712
89.4626 944.7042 0.0708
89.4626 944.7042 0.0708
96.6200 941.1299 0.0704
96.6200 941.1299 0.0704
102.9675 937.1227 0.0699
102.9675 937.1227 0.0699
110.5491 931.3931 0.0692
110.5491 931.3931 0.0692
118.3941 924.5023 0.0683
118.3941 924.5023 0.0683
125.7123 916.9740 0.0674
132.7252 909.1606 0.0664
132.7252 909.1606 0.0664
132.7252 909.1606 0.0664
138.4708 902.2328 0.0655
138.4708 902.2328 0.0655
138.4708 902.2328 0.0655
138.4708 902.2328 0.0655
138.4708 902.2328 0.0655
138.4708 902.2328 0.0655
138.4708 902.2328 0.0655
138.4708 902.2328 0.0655
138.4708 902.2328 0.0655
138.4708 902.2328 0.0655
138.4708 902.2328 0.0655
138.4708 902.2328 0.0655
138.4708 902.2328 0.0655
138.4708 902.2328 0.0655
138.4708 902.2328 0.0655
138.4708 902.2328 0.0655
138.4708 902.2328 0.0655
138.4708 902.2328 0.0655
138.4708 902.2328 0.0655
138.4708 902.2328 0.0655
138.4708 902.2328 0.0655
138.4708 902.2328 0.0655
138.4708 902.2328 0.0655
138.4708 902.2328 0.0655
138.4708 902.2328 0.0655
138.4708 902.2328 0.0655
138.4708 902.2328 0.0655
138.4708 902.2328 0.0655
138.4708 902.2328 0.0655
138.4708 902.2328 0.0655
138.4708 902.2328 0.0655
138.4708 902.2328 0.0655
138.4708 902.2328 0.0655
138.4708 902.2328 0.0655
142.7766 896.7134 0.0648
142.7766 896.7134 0.0648
143.9912 895.1243 0.0646
143.9912 895.1243 0.0646
147.8716 889.9098 0.0640
149.6242 887.4749 0.0637
149.6242 887.4749 0.0637
153.9113 881.3210 0.0629
153.9113 881.3210 0.0629
156.9348 876.7262 0.0624
156.9348 876.7262 0.0624
160.9432 870.3872 0.0616
160.9432 870.3872 0.0616
163.2855 866.5451 0.0611
166.5411 860.9193 0.0605
166.5411 860.9193 0.0605
169.2308 856.1221 0.0599
169.2308 856.1221 0.0599
174.8565 844.9611 0.0585
177.0851 839.9321 0.0579
177.0851 839.9321 0.0579
181.1633 830.2579 0.0568
181.1633 830.2579 0.0568
185.0308 820.4969 0.0556
185.0308 820.4969 0.0556
188.1498 812.0555 0.0546
191.3903 800.9036 0.0533
191.3903 800.9036 0.0533
192.1425 792.9369 0.0523
192.1425 792.9369 0.0523
192.4578 784.9432 0.0513
192.4578 784.9432 0.0513
192.4578 784.9432 0.0513
192.4578 784.9432 0.0513
192.4578 784.9432 0.0513
192.4578 784.9432 0.0513
192.4578 784.9432 0.0513
192.4578 784.9432 0.0513
192.4578 784.9432 0.0513
192.4578 784.9432 0.0513
192.4578 784.9432 0.0513
192.4578 784.9432 0.0513
192.4578 784.9432 0.0513
192.4578 784.9432 0.0513
192.4578 784.9432 0.0513
192.4578 784.9432 0.0513
192.4578 784.9432 0.0513
192.4578 784.9432 0.0513
192.4578 784.9432 0.0513
192.4578 784.9432 0.0513
192.4578 784.9432 0.0513
192.4578 784.9432 0.0513
192.4578 784.9432 0.0513
192.4578 784.9432 0.0513
192.4578 784.9432 0.0513
192.4578 784.9432 0.0513
192.4578 784.9432 0.0513
192.4578 784.9432 0.0513
192.4578 784.9432 0.0513
192.4578 784.9432 0.0513
192.4578 784.9432 0.0513
192.4578 784.9432 0.0513
192.4578 784.9432 0.0513
192.4578 784.9432 0.0513
192.7245 774.7656 0.0501
192.8844 769.7683 0.0495
192.8844 769.7683 0.0495
193.0792 763.7717 0.0488
193.0792 763.7717 0.0488
193.3593 754.7765 0.0477
193.5720 747.7802 0.0469
193.8821 738.2857 0.0458
193.8821 738.2857 0.0458
194.0649 731.2884 0.0450
194.0649 731.2884 0.0450
197.8637 721.8844 0.0440
197.8637 721.8844 0.0440
198.1636 711.6529 0.0429
198.1636 711.6529 0.0429
198.5914 697.1601 0.0413
198.5914 697.1601 0.0413
198.8804 686.6648 0.0402
198.8804 686.6648 0.0402
198.8804 686.6648 0.0402
198.8804 686.6648 0.0402
198.8804 686.6648 0.0402
198.8804 686.6648 0.0402
198.8804 686.6648 0.0402
198.8804 686.6648 0.0402
198.8804 686.6648 0.0402
198.8804 686.6648 0.0402
198.8804 686.6648 0.0402
198.8804 686.6648 0.0402
198.8804 686.6648 0.0402
198.8804 686.6648 0.0402
198.8804 686.6648 0.0402
198.8804 686.6648 0.0402
198.8804 686.6648 0.0402
198.8804 686.6648 0.0402
198.8804 686.6648 0.0402
198.8804 686.6648 0.0402
198.8804 686.6648 0.0402
198.8804 686.6648 0.0402
198.8804 686.6648 0.0402
198.8804 686.6648 0.0402
198.8804 686.6648 0.0402
198.8804 686.6648 0.0402
198.8804 686.6648 0.0402
198.8804 686.6648 0.0402
198.8804 686.6648 0.0402
198.8804 686.6648 0.0402
199.1401 677.6691 0.0392
199.1401 677.6691 0.0392
199.3559 670.1727 0.0384
199.3559 670.1727 0.0384
199.5297 664.1756 0.0378
199.7909 655.1800 0.0369
199.7909 655.1800 0.0369
200.0708 645.6847 0.0359
200.0708 645.6847 0.0359
200.2526 639.1877 0.0353
200.2526 639.1877 0.0353
200.4692 631.1912 0.0345
200.5798 626.6928 0.0340
200.5798 626.6928 0.0340
200.5798 626.6928 0.0340
200.7887 619.6964 0.0334
200.7887 619.6964 0.0334
201.0080 612.2001 0.0326
201.1554 607.2026 0.0322
201.1554 607.2026 0.0322
201.3780 599.2062 0.0314
201.3780 599.2062 0.0314
201.3780 599.2062 0.0314
201.5588 592.7092 0.0308
201.5588 592.7092 0.0308
201.9174 580.7153 0.0297
201.9174 580.7153 0.0297
202.1995 571.2200 0.0289
202.1995 571.2200 0.0289
202.4051 563.7234 0.0282
202.4051 563.7234 0.0282
202.4051 563.7234 0.0282
202.4051 563.7234 0.0282
202.4051 563.7234 0.0282
202.4051 563.7234 0.0282
202.4051 563.7234 0.0282
202.4051 563.7234 0.0282
202.4051 563.7234 0.0282
202.4051 563.7234 0.0282
202.4051 563.7234 0.0282
202.4051 563.7234 0.0282
202.4051 563.7234 0.0282
202.4051 563.7234 0.0282
202.4051 563.7234 0.0282
202.4051 563.7234 0.0282
202.4051 563.7234 0.0282
202.4051 563.7234 0.0282
202.4051 563.7234 0.0282
202.4051 563.7234 0.0282
202.4051 563.7234 0.0282
202.4051 563.7234 0.0282
202.4051 563.7234 0.0282
202.4051 563.7234 0.0282
202.4051 563.7234 0.0282
202.4051 563.7234 0.0282
202.4051 563.7234 0.0282
202.6342 554.7270 0.0274
202.8551 549.2312 0.0269
202.8551 549.2312 0.0269
203.0940 540.5651 0.0262
203.2519 535.0677 0.0257
203.2519 535.0677 0.0257
203.5017 525.5717 0.0250
203.5017 525.5717 0.0250
203.7411 516.5756 0.0242
204.0530 507.0810 0.0235
204.0530 507.0810 0.0235
204.3107 498.0853 0.0228
204.5533 489.0892 0.0221
204.5533 489.0892 0.0221
204.8843 477.5947 0.0212
204.8843 477.5947 0.0212
205.4678 457.1044 0.0197
205.7241 448.1087 0.0191
205.7241 448.1087 0.0191
206.1339 433.8135 0.0181
206.1339 433.8135 0.0181
206.1339 433.8135 0.0181
206.1339 433.8135 0.0181
206.1339 433.8135 0.0181
206.1339 433.8135 0.0181
206.1339 433.8135 0.0181
206.1339 433.8135 0.0181
206.1339 433.8135 0.0181
206.1339 433.8135 0.0181
206.1339 433.8135 0.0181
206.1339 433.8135 0.0181
206.1339 433.8135 0.0181
206.1339 433.8135 0.0181
206.1339 433.8135 0.0181
206.1339 433.8135 0.0181
206.1339 433.8135 0.0181
206.1339 433.8135 0.0181
206.1339 433.8135 0.0181
206.1339 433.8135 0.0181
206.1339 433.8135 0.0181
206.1339 433.8135 0.0181
206.1339 433.8135 0.0181
206.1339 433.8135 0.0181
206.1339 433.8135 0.0181
206.1339 433.8135 0.0181
206.1339 433.8135 0.0181
206.1339 433.8135 0.0181
206.1339 433.8135 0.0181
206.1339 433.8135 0.0181
206.3272 426.8166 0.0177
206.3272 426.8166 0.0177
206.4453 422.8186 0.0174
206.4453 422.8186 0.0174
206.5995 417.3212 0.0170
206.7281 412.8233 0.0167
206.7281 412.8233 0.0167
206.8606 407.8254 0.0164
207.0099 402.8280 0.0161
207.0099 402.8280 0.0161
207.1474 398.3303 0.0158
207.3498 391.3337 0.0154
207.3498 391.3337 0.0154
207.4935 386.8362 0.0151
207.4935 386.8362 0.0151
207.6966 379.3395 0.0147
207.6966 379.3395 0.0147
207.9522 370.3437 0.0142
207.9522 370.3437 0.0142
208.0669 366.3456 0.0139
208.0669 366.3456 0.0139
208.3642 355.3504 0.0133
208.3642 355.3504 0.0133
208.3642 355.3504 0.0133
208.5462 349.3535 0.0130
208.5462 349.3535 0.0130
208.8578 337.8586 0.0124
208.8578 337.8586 0.0124
209.0414 331.3616 0.0121
209.0414 331.3616 0.0121
209.4219 317.8679 0.0114
209.4219 317.8679 0.0114
209.4219 317.8679 0.0114
209.6650 309.3719 0.0110
209.6650 309.3719 0.0110
209.6650 309.3719 0.0110
209.6650 309.3719 0.0110
209.6650 309.3719 0.0110
209.6650 309.3719 0.0110
209.6650 309.3719 0.0110
209.6650 309.3719 0.0110
209.6650 309.3719 0.0110
209.6650 309.3719 0.0110
209.6650 309.3719 0.0110
209.6650 309.3719 0.0110
209.6650 309.3719 0.0110
209.6650 309.3719 0.0110
209.6650 309.3719 0.0110
209.6650 309.3719 0.0110
209.6650 309.3719 0.0110
209.6650 309.3719 0.0110
209.6650 309.3719 0.0110
209.6650 309.3719 0.0110
209.6650 309.3719 0.0110
209.6650 309.3719 0.0110
209.6650 309.3719 0.0110
209.6650 309.3719 0.0110
209.6650 309.3719 0.0110
209.6650 309.3719 0.0110
209.8824 301.3414 0.0106
209.8824 301.3414 0.0106
210.1024 295.8463 0.0103
210.1024 295.8463 0.0103
210.3073 291.3515 0.0101
210.5292 285.3559 0.0099
210.7656 278.3598 0.0096
210.7656 278.3598 0.0096
210.9898 270.8636 0.0093
210.9898 270.8636 0.0093
211.3159 266.0949 0.0091
211.3159 266.0949 0.0091
211.8735 261.0228 0.0089
211.8735 261.0228 0.0089
212.2488 258.0465 0.0088
212.9280 252.5890 0.0086
212.9280 252.5890 0.0086
214.7638 246.0560 0.0084
214.7638 246.0560 0.0084
214.8727 241.0575 0.0082
214.8727 241.0575 0.0082
214.3765 233.5810 0.0079
214.3765 233.5810 0.0079
214.8924 229.5582 0.0078
214.8924 229.5582 0.0078
214.9344 224.5591 0.0076
214.9344 224.5591 0.0076
215.0385 211.5610 0.0071
215.0385 211.5610 0.0071
215.1654 200.5616 0.0068
215.3335 190.5636 0.0065
215.3335 190.5636 0.0065
215.3335 190.5636 0.0065
215.3335 190.5636 0.0065
215.3335 190.5636 0.0065
215.3335 190.5636 0.0065
215.3335 190.5636 0.0065
215.3335 190.5636 0.0065
215.3335 190.5636 0.0065
215.3335 190.5636 0.0065
215.3335 190.5636 0.0065
215.3335 190.5636 0.0065
215.3335 190.5636 0.0065
215.3335 190.5636 0.0065
215.3335 190.5636 0.0065
215.3335 190.5636 0.0065
215.3335 190.5636 0.0065
215.3335 190.5636 0.0065
215.3335 190.5636 0.0065
215.3335 190.5636 0.0065
215.3335 190.5636 0.0065
215.3335 190.5636 0.0065
215.3335 190.5636 0.0065
215.3335 190.5636 0.0065
215.3335 190.5636 0.0065
215.3335 190.5636 0.0065
215.5362 181.0663 0.0062
215.5362 181.0663 0.0062
215.7039 173.5688 0.0060
215.7039 173.5688 0.0060
215.8809 166.0715 0.0058
216.1042 156.5749 0.0056
216.1042 156.5749 0.0056
216.2805 149.0775 0.0054
216.6170 137.0832 0.0052
216.6170 137.0832 0.0052
216.8622 128.0872 0.0050
217.0856 119.5906 0.0048
217.0856 119.5906 0.0048
217.4781 104.3965 0.0046
217.4781 104.3965 0.0046
217.6365 97.8990 0.0045
217.6365 97.8990 0.0045
218.0546 83.9186 0.0043
218.0546 83.9186 0.0043
218.2872 73.9224 0.0042
218.2872 73.9224 0.0042
218.2872 73.9224 0.0042
218.2872 73.9224 0.0042
218.2872 73.9224 0.0042
218.2872 73.9224 0.0042
218.2872 73.9224 0.0042
218.2872 73.9224 0.0042
218.2872 73.9224 0.0042
218.2872 73.9224 0.0042
218.2872 73.9224 0.0042
218.2872 73.9224 0.0042
218.2872 73.9224 0.0042
218.2872 73.9224 0.0042
218.2872 73.9224 0.0042
218.2872 73.9224 0.0042
218.2872 73.9224 0.0042
218.2872 73.9224 0.0042
218.2872 73.9224 0.0042
218.2872 73.9224 0.0042
218.2872 73.9224 0.0042
218.2872 73.9224 0.0042
218.2872 73.9224 0.0042
218.2872 73.9224 0.0042
218.2872 73.9224 0.0042
218.2872 73.9224 0.0042
218.3941 62.9937 0.0040
218.3941 62.9937 0.0040
218.3176 55.9950 0.0040
218.1181 49.4989 0.0039
218.1181 49.4989 0.0039
217.7995 46.0111 0.0039
216.4550 37.1130 0.0038
216.4550 37.1130 0.0038
216.4550 37.1130 0.0038
215.3262 31.7294 0.0037
213.7202 25.9494 0.0036
213.7202 25.9494 0.0036
211.3196 20.7983 0.0035
211.3196 20.7983 0.0035
209.2267 13.7730 0.0034
209.2267 13.7730 0.0034
207.6964 10.0775 0.0034
203.0365 0.6676 0.0032
203.0365 0.6676 0.0032
200.6856 -3.1762 0.0032
200.6856 -3.1762 0.0032
200.6856 -3.1762 0.0032
196.1608 -10.3467 0.0030
196.1608 -10.3467 0.0030
196.1608 -10.3467 0.0030
193.6295 -13.4455 0.0029
193.6295 -13.4455 0.0029
193.6295 -13.4455 0.0029
193.6295 -13.4455 0.0029
193.6295 -13.4455 0.0029
193.6295 -13.4455 0.0029
193.6295 -13.4455 0.0029
193.6295 -13.4455 0.0029
193.6295 -13.4455 0.0029
193.6295 -13.4455 0.0029
193.6295 -13.4455 0.0029
193.6295 -13.4455 0.0029
193.6295 -13.4455 0.0029
193.6295 -13.4455 0.0029
193.6295 -13.4455 0.0029
193.6295 -13.4455 0.0029
193.6295 -13.4455 0.0029
193.6295 -13.4455 0.0029
193.6295 -13.4455 0.0029
193.6295 -13.4455 0.0029
193.6295 -13.4455 0.0029
193.6295 -13.4455 0.0029
193.6295 -13.4455 0.0029
193.6295 -13.4455 0.0029
193.6295 -13.4455 0.0029
193.6295 -13.4455 0.0029
187.0037 -20.9290 0.0028
187.0037 -20.9290 0.0028
180.6656 -26.5968 0.0026
179.5703 -27.6220 0.0026
179.5703 -27.6220 0.0026
174.7353 -31.1854 0.0025
174.7353 -31.1854 0.0025
169.3772 -34.8644 0.0023
169.3772 -34.8644 0.0023
166.4011 -36.7081 0.0023
166.4011 -36.7081 0.0023
166.4011 -36.7081 0.0023
166.4011 -36.7081 0.0023
166.4011 -36.7081 0.0023
166.4011 -36.7081 0.0023
166.4011 -36.7081 0.0023
166.4011 -36.7081 0.0023
166.4011 -36.7081 0.0023
166.4011 -36.7081 0.0023
166.4011 -36.7081 0.0023
166.4011 -36.7081 0.0023
166.4011 -36.7081 0.0023
166.4011 -36.7081 0.0023
166.4011 -36.7081 0.0023
166.4011 -36.7081 0.0023
166.4011 -36.7081 0.0023
157.2678 -41.8895 0.0021
157.2678 -41.8895 0.0021
151.1698 -45.3252 0.0020
151.1698 -45.3252 0.0020
144.6494 -49.0295 0.0018
133.7781 -55.1968 0.0016
133.7781 -55.1968 0.0016
127.2581 -58.9021 0.0015
127.2581 -58.9021 0.0015
117.6991 -64.3430 0.0014
117.6991 -64.3430 0.0014
88.5617 -80.8672 0.0011
88.5617 -80.8672 0.0011
88.5617 -80.8672 0.0011
88.5617 -80.8672 0.0011
88.5617 -80.8672 0.0011
88.5617 -80.8672 0.0011
88.5617 -80.8672 0.0011
88.5617 -80.8672 0.0011
88.5617 -80.8672 0.0011
88.5617 -80.8672 0.0011
88.5617 -80.8672 0.0011
88.5617 -80.8672 0.0011
88.5617 -80.8672 0.0011
88.5617 -80.8672 0.0011
88.5617 -80.8672 0.0011
88.5617 -80.8672 0.0011
88.5617 -80.8672 0.0011
88.5617 -80.8672 0.0011
88.5617 -80.8672 0.0011
88.5617 -80.8672 0.0011
88.5617 -80.8672 0.0011
88.5617 -80.8672 0.0011
88.5617 -80.8672 0.0011
88.5617 -80.8672 0.0011
88.5617 -80.8672 0.0011
88.5617 -80.8672 0.0011
88.5617 -80.8672 0.0011
88.5617 -80.8672 0.0011
88.5617 -80.8672 0.0011
88.5617 -80.8672 0.0011
88.5617 -80.8672 0.0011
88.5617 -80.8672 0.0011
88.5617 -80.8672 0.0011
88.5617 -80.8672 0.0011
88.5617 -80.8672 0.0011
88.5617 -80.8672 0.0011
88.5617 -80.8672 0.0011
88.5617 -80.8672 0.0011
88.5617 -80.8672 0.0011
88.5617 -80.8672 0.0011
88.5617 -80.8672 0.0011
88.5617 -80.8672 0.0011
88.5617 -80.8672 0.0011
88.5617 -80.8672 0.0011
88.5617 -80.8672 0.0011
82.0335 -84.5581 0.0011
79.8567 -85.7870 0.0011
79.8567 -85.7870 0.0011
74.6358 -88.7426 0.0011
74.6358 -88.7426 0.0011
73.7536 -89.2137 0.0011
70.6067 -90.7490 0.0010
70.6067 -90.7490 0.0010
67.8727 -91.9857 0.0010
67.8727 -91.9857 0.0010
64.5964 -93.2258 0.0010
64.5964 -93.2258 0.0010
60.7534 -94.3574 0.0010
60.7534 -94.3574 0.0010
58.8165 -94.8623 0.0010
58.8165 -94.8623 0.0010
58.8165 -94.8623 0.0010
58.8165 -94.8623 0.0010
58.8165 -94.8623 0.0010
58.8165 -94.8623 0.0010
58.8165 -94.8623 0.0010
