186.806 811.030 28.571
186.789 811.079 28.571
186.826 810.977 28.551
186.845 810.924 28.550
186.867 810.862 28.549
186.888 810.803 28.549
186.926 810.695 28.550
186.953 810.617 28.554
186.971 810.566 28.558
186.998 810.489 28.562
187.041 810.368 28.568
187.095 810.215 28.565
187.155 810.046 28.558
187.224 809.855 28.553
187.297 809.647 28.553
187.370 809.441 28.561
187.442 809.238 28.570
187.504 809.062 28.576
187.541 808.956 28.578
187.611 808.752 28.575
187.680 808.548 28.572
187.714 808.446 28.571
187.771 808.280 28.571
187.807 808.177 28.572
187.851 808.051 28.573
187.894 807.926 28.576
187.929 807.826 28.578
187.985 807.658 28.581
188.022 807.546 28.582
188.046 807.472 28.583
188.081 807.360 28.582
188.105 807.282 28.580
188.156 807.111 28.575
188.181 807.026 28.572
188.211 806.921 28.570
188.238 806.827 28.569
188.267 806.730 28.569
188.292 806.642 28.570
188.317 806.557 28.570
188.350 806.447 28.569
188.372 806.371 28.568
188.400 806.274 28.567
188.430 806.168 28.566
188.458 806.071 28.565
188.487 805.968 28.565
188.515 805.872 28.565
188.546 805.767 28.564
188.576 805.665 28.561
188.604 805.568 28.558
188.647 805.422 28.555
188.677 805.321 28.553
188.722 805.167 28.551
188.754 805.057 28.550
188.804 804.885 28.550
188.885 804.602 28.553
188.920 804.478 28.557
188.966 804.311 28.563
189.040 804.032 28.572
189.070 803.915 28.573
189.112 803.745 28.572
189.142 803.621 28.570
189.183 803.446 28.568
189.249 803.161 28.568
189.275 803.047 28.569
189.313 802.880 28.571
189.374 802.599 28.574
189.397 802.486 28.574
189.429 802.321 28.572
189.481 802.037 28.567
189.501 801.920 28.564
189.533 801.740 28.560
189.579 801.482 28.557
189.614 801.292 28.557
189.648 801.108 28.559
189.676 800.957 28.563
189.729 800.674 28.568
189.779 800.394 28.568
189.802 800.260 28.567
189.829 800.106 28.567
189.852 799.974 28.569
189.876 799.831 28.570
189.899 799.700 28.572
189.923 799.556 28.575
189.944 799.429 28.577
189.966 799.289 28.578
189.985 799.164 28.579
190.005 799.025 28.578
190.022 798.902 28.576
190.057 798.623 28.571
190.089 798.351 28.572
190.118 798.093 28.575
190.143 797.841 28.580
190.164 797.588 28.582
190.178 797.338 28.578
190.190 797.076 28.570
190.199 796.812 28.566
190.207 796.560 28.567
190.210 796.461 28.569
190.213 796.335 28.571
190.216 796.203 28.572
190.218 795.843 28.563
190.216 795.548 28.552
190.214 795.212 28.543
190.212 794.861 28.540
190.211 794.479 28.541
190.211 794.092 28.544
190.211 793.687 28.545
190.211 793.269 28.545
190.213 792.857 28.552
190.218 792.447 28.564
190.225 792.045 28.574
190.230 791.633 28.580
190.236 791.230 28.581
190.241 790.821 28.578
190.250 790.411 28.578
190.263 790.013 28.584
190.278 789.610 28.591
190.292 789.218 28.595
190.304 788.869 28.593
190.312 788.630 28.591
190.327 788.227 28.592
190.333 788.073 28.593
190.344 787.820 28.595
190.359 787.479 28.596
190.369 787.218 28.597
190.379 786.972 28.598
190.388 786.764 28.598
190.403 786.377 28.599
190.418 785.998 28.598
190.434 785.602 28.593
190.450 785.201 28.589
190.458 784.989 28.587
190.468 784.761 28.586
190.482 784.406 28.585
190.494 784.109 28.588
190.505 783.824 28.592
190.514 783.589 28.595
190.532 783.153 28.598
190.539 782.958 28.598
190.547 782.772 28.598
190.557 782.510 28.597
190.575 782.058 28.594
190.582 781.879 28.593
190.593 781.615 28.591
190.610 781.184 28.588
190.617 781.007 28.587
190.627 780.748 28.584
190.645 780.296 28.577
190.652 780.102 28.574
190.663 779.823 28.569
190.682 779.336 28.563
190.689 779.143 28.563
190.701 778.854 28.564
190.723 778.244 28.573
190.736 777.780 28.573
190.742 777.537 28.571
190.751 777.134 28.566
190.757 776.891 28.564
190.764 776.580 28.562
190.771 776.278 28.561
190.777 776.024 28.560
190.788 775.554 28.561
190.794 775.329 28.561
190.801 775.075 28.562
190.813 774.598 28.563
190.825 774.121 28.563
190.837 773.635 28.563
190.849 773.170 28.562
190.861 772.711 28.560
190.874 772.184 28.555
190.886 771.695 28.554
190.899 771.207 28.556
190.911 770.722 28.558
190.922 770.250 28.560
190.935 769.730 28.562
190.948 769.239 28.563
190.960 768.747 28.564
190.973 768.239 28.563
190.984 767.802 28.559
190.993 767.444 28.556
191.001 767.108 28.554
191.008 766.836 28.555
191.021 766.318 28.559
191.034 765.786 28.561
191.049 765.253 28.562
191.066 764.749 28.566
191.085 764.222 28.570
191.103 763.717 28.573
191.121 763.207 28.574
191.138 762.696 28.575
191.156 762.176 28.574
191.174 761.643 28.569
191.193 761.103 28.566
191.212 760.547 28.564
191.232 759.961 28.563
191.252 759.382 28.566
191.272 758.800 28.572
191.291 758.215 28.579
191.312 757.627 28.585
191.332 757.040 28.588
191.349 756.529 28.590
191.366 756.027 28.592
191.380 755.632 28.593
191.396 755.176 28.594
191.408 754.817 28.596
191.423 754.365 28.601
191.435 753.969 28.605
191.447 753.517 28.605
191.456 753.137 28.603
191.466 752.680 28.602
191.473 752.313 28.601
191.483 751.861 28.601
191.492 751.476 28.602
191.502 751.012 28.603
191.511 750.653 28.604
191.521 750.202 28.603
191.530 749.821 28.601
191.541 749.368 28.600
191.550 748.998 28.600
191.562 748.527 28.603
191.572 748.165 28.606
191.585 747.698 28.609
191.596 747.305 28.610
191.611 746.796 28.611
191.623 746.357 28.610
191.633 745.983 28.608
191.643 745.603 28.607
191.656 745.141 28.604
191.664 744.836 28.602
191.675 744.444 28.597
191.686 744.053 28.595
191.696 743.674 28.595
191.711 743.070 28.596
191.726 742.464 28.597
191.740 741.860 28.598
191.755 741.262 28.598
191.770 740.652 28.597
191.785 740.058 28.597
191.799 739.460 28.596
191.814 738.862 28.595
191.830 738.239 28.590
191.846 737.601 28.586
191.861 736.958 28.583
191.878 736.276 28.582
191.895 735.573 28.583
191.912 734.880 28.589
191.934 733.975 28.595
191.951 733.300 28.597
191.964 732.766 28.597
191.975 732.319 28.597
191.985 731.895 28.597
191.995 731.498 28.597
192.012 730.803 28.597
192.028 730.122 28.597
192.045 729.434 28.598
192.061 728.773 28.598
192.077 728.130 28.598
192.093 727.466 28.597
192.109 726.790 28.595
192.126 726.085 28.589
192.143 725.382 28.585
192.161 724.640 28.582
192.180 723.860 28.580
192.199 723.090 28.574
192.225 722.298 28.566
192.261 721.494 28.568
192.306 720.715 28.582
192.350 720.062 28.595
192.393 719.410 28.605
192.401 719.300 28.606
192.434 718.804 28.610
192.484 718.042 28.617
192.529 717.292 28.627
192.566 716.536 28.630
192.594 715.772 28.624
192.620 715.009 28.617
192.646 714.231 28.614
192.673 713.468 28.613
192.699 712.731 28.615
192.728 711.958 28.618
192.755 711.210 28.620
192.783 710.464 28.622
192.811 709.710 28.622
192.839 708.926 28.617
192.868 708.140 28.612
192.897 707.343 28.611
192.926 706.537 28.615
192.958 705.652 28.619
192.982 704.982 28.621
193.001 704.470 28.622
193.019 703.961 28.621
193.044 703.281 28.617
193.066 702.683 28.612
193.096 701.832 28.608
193.128 700.953 28.605
193.159 700.084 28.604
193.191 699.192 28.609
193.222 698.319 28.614
193.256 697.383 28.617
193.286 696.540 28.618
193.317 695.652 28.617
193.349 694.764 28.620
193.375 693.921 28.628
193.394 693.072 28.630
193.407 692.180 28.625
193.417 691.319 28.620
193.428 690.457 28.616
193.440 689.479 28.612
193.450 688.745 28.608
193.458 688.156 28.606
193.466 687.590 28.607
193.475 686.849 28.610
193.484 686.182 28.613
193.496 685.289 28.616
193.507 684.409 28.617
193.519 683.476 28.617
193.530 682.596 28.612
193.548 681.662 28.601
193.575 680.763 28.599
193.612 679.876 28.606
193.654 678.968 28.615
193.694 678.103 28.620
193.734 677.237 28.622
193.772 676.375 28.622
193.811 675.484 28.620
193.849 674.607 28.623
193.886 673.700 28.621
193.913 672.987 28.619
193.940 672.275 28.618
193.956 671.859 28.617
193.978 671.293 28.617
193.999 670.753 28.616
194.027 670.045 28.617
194.052 669.393 28.617
194.085 668.544 28.617
194.118 667.692 28.619
194.148 666.857 28.626
194.172 666.013 28.626
194.191 665.190 28.622
194.209 664.350 28.618
194.228 663.514 28.617
194.247 662.670 28.616
194.266 661.849 28.617
194.285 661.002 28.618
194.304 660.178 28.619
194.324 659.351 28.620
194.343 658.519 28.620
194.362 657.682 28.621
194.377 657.005 28.626
194.387 656.479 28.628
194.396 655.943 28.626
194.405 655.265 28.623
194.413 654.651 28.621
194.424 653.808 28.618
194.435 652.980 28.616
194.446 652.164 28.614
194.458 651.319 28.608
194.469 650.473 28.603
194.481 649.589 28.600
194.494 648.673 28.593
194.511 647.742 28.585
194.539 646.796 28.587
194.572 645.929 28.597
194.611 645.035 28.606
194.651 644.128 28.612
194.689 643.244 28.613
194.729 642.299 28.615
194.767 641.287 28.624
194.787 640.567 28.624
194.798 639.979 28.620
194.807 639.392 28.614
194.818 638.665 28.607
194.828 637.990 28.602
194.841 637.117 28.599
194.855 636.235 28.598
194.869 635.373 28.598
194.884 634.503 28.593
194.905 633.599 28.587
194.933 632.734 28.591
194.966 631.856 28.597
194.998 630.981 28.602
195.030 630.131 28.604
195.063 629.222 28.606
195.091 628.389 28.612
195.114 627.550 28.623
195.125 626.718 28.626
195.123 625.757 28.615
195.119 625.066 28.607
195.115 624.471 28.602
195.112 623.896 28.600
195.109 623.198 28.596
195.108 622.576 28.596
195.108 621.721 28.600
195.110 620.868 28.603
195.112 620.044 28.606
195.114 619.215 28.606
195.115 618.381 28.607
195.116 617.541 28.606
195.117 616.734 28.606
195.118 615.911 28.605
195.119 615.067 28.600
195.120 614.203 28.597
195.121 613.322 28.599
195.121 612.470 28.603
195.122 611.621 28.605
195.123 610.672 28.605
195.123 609.973 28.605
195.124 609.397 28.602
195.125 608.851 28.596
195.131 608.143 28.589
195.142 607.511 28.590
195.162 606.631 28.597
195.183 605.788 28.603
195.203 604.976 28.606
195.222 604.155 28.607
195.241 603.335 28.606
195.260 602.506 28.604
195.278 601.694 28.603
195.297 600.863 28.602
195.315 600.063 28.602
195.333 599.249 28.602
195.353 598.388 28.603
195.372 597.560 28.603
195.390 596.747 28.604
195.411 595.817 28.604
195.426 595.149 28.604
195.439 594.602 28.604
195.447 594.223 28.604
195.460 593.650 28.603
195.473 593.112 28.601
195.488 592.426 28.596
195.503 591.785 28.593
195.522 590.912 28.590
195.542 590.009 28.589
195.562 589.106 28.591
195.582 588.225 28.597
195.602 587.331 28.602
195.622 586.403 28.605
195.642 585.509 28.605
195.662 584.621 28.605
195.681 583.745 28.604
195.701 582.857 28.603
195.720 581.983 28.603
195.740 581.100 28.602
195.756 580.365 28.597
195.769 579.763 28.593
195.778 579.342 28.590
195.792 578.746 28.588
195.795 578.607 28.588
195.805 578.147 28.589
195.821 577.386 28.592
195.836 576.701 28.596
195.857 575.725 28.599
195.877 574.809 28.601
195.898 573.868 28.601
195.918 572.956 28.601
195.938 572.054 28.602
195.957 571.165 28.603
195.978 570.250 28.600
196.003 569.323 28.589
196.040 568.381 28.585
196.085 567.491 28.591
196.134 566.593 28.599
196.183 565.694 28.604
196.242 564.599 28.609
196.279 563.915 28.611
196.309 563.340 28.615
196.340 562.755 28.619
196.376 562.027 28.622
196.399 561.561 28.623
196.427 560.980 28.625
196.454 560.416 28.626
196.490 559.691 28.629
196.522 559.035 28.631
196.564 558.158 28.634
196.606 557.291 28.634
196.648 556.432 28.633
196.689 555.568 28.634
196.727 554.727 28.631
196.763 553.866 28.626
196.802 552.945 28.621
196.838 552.100 28.619
196.874 551.259 28.617
196.913 550.371 28.616
196.958 549.291 28.620
196.990 548.447 28.620
197.019 547.595 28.616
197.047 546.746 28.612
197.074 545.904 28.609
197.103 545.046 28.607
197.131 544.189 28.608
197.159 543.342 28.611
197.186 542.516 28.614
197.213 541.672 28.617
197.240 540.813 28.619
197.267 539.969 28.618
197.292 539.145 28.618
197.317 538.325 28.617
197.343 537.490 28.616
197.368 536.653 28.612
197.398 535.673 28.607
197.420 534.949 28.604
197.438 534.339 28.604
197.456 533.742 28.603
197.478 532.985 28.603
197.499 532.273 28.603
197.528 531.298 28.602
197.555 530.345 28.599
197.585 529.340 28.595
197.614 528.340 28.590
197.644 527.304 28.587
197.676 526.246 28.584
197.706 525.207 28.584
197.738 524.096 28.587
197.770 522.986 28.593
197.801 521.867 28.600
197.831 520.770 28.609
197.862 519.676 28.614
197.900 518.322 28.615
197.924 517.483 28.615
197.945 516.740 28.616
197.966 516.028 28.617
197.992 515.121 28.620
198.016 514.282 28.623
198.047 513.166 28.628
198.077 512.083 28.631
198.107 510.999 28.632
198.137 509.914 28.631
198.167 508.818 28.629
198.197 507.718 28.625
198.227 506.608 28.618
198.258 505.497 28.614
198.289 504.339 28.613
198.320 503.184 28.616
198.351 502.023 28.625
198.383 500.843 28.633
198.420 499.454 28.638
198.444 498.581 28.640
198.464 497.831 28.641
198.485 497.079 28.642
198.511 496.142 28.643
198.533 495.316 28.645
198.563 494.201 28.647
198.594 493.063 28.648
198.623 491.964 28.649
198.652 490.841 28.649
198.682 489.695 28.648
198.712 488.551 28.643
198.742 487.403 28.640
198.773 486.218 28.644
198.804 485.046 28.650
198.835 483.874 28.655
198.866 482.734 28.659
198.897 481.593 28.660
198.934 480.203 28.661
198.965 479.080 28.660
198.995 477.932 28.658
199.025 476.802 28.653
199.055 475.686 28.646
199.085 474.577 28.635
199.116 473.446 28.623
199.147 472.314 28.611
199.177 471.192 28.602
199.209 470.070 28.598
199.240 468.956 28.599
199.271 467.845 28.601
199.302 466.742 28.604
199.334 465.621 28.606
199.365 464.521 28.611
199.390 463.436 28.623
199.403 462.275 28.640
199.395 461.383 28.650
199.374 460.661 28.651
199.343 459.958 28.641
199.292 459.049 28.621
199.242 458.220 28.604
199.173 457.099 28.589
199.109 456.025 28.583
199.046 454.942 28.582
198.983 453.838 28.585
198.923 452.761 28.589
198.860 451.654 28.592
198.800 450.597 28.594
198.741 449.550 28.595
198.679 448.460 28.594
198.615 447.341 28.584
198.561 446.265 28.571
198.519 445.212 28.571
198.483 444.151 28.576
198.454 443.265 28.580
198.431 442.559 28.582
198.408 441.876 28.583
198.378 440.993 28.582
198.351 440.204 28.581
198.315 439.175 28.580
198.278 438.118 28.579
198.242 437.065 28.574
198.212 435.988 28.564
198.195 434.864 28.562
198.193 433.823 28.571
198.196 432.796 28.584
198.201 431.786 28.593
198.205 430.769 28.598
198.208 429.745 28.600
198.210 428.712 28.599
198.212 427.685 28.597
198.213 426.664 28.597
198.213 425.815 28.603
198.210 424.976 28.613
198.202 424.310 28.619
198.184 423.515 28.620
198.164 422.854 28.615
198.136 422.031 28.608
198.113 421.362 28.603
198.084 420.537 28.598
198.062 419.903 28.596
198.034 419.097 28.594
198.011 418.428 28.594
197.984 417.610 28.595
197.962 416.952 28.596
197.936 416.165 28.597
197.915 415.522 28.597
197.889 414.760 28.598
197.868 414.112 28.598
197.842 413.344 28.598
197.818 412.629 28.598
197.790 411.800 28.598
197.763 410.967 28.593
197.743 410.301 28.585
197.728 409.635 28.579
197.717 408.802 28.577
197.714 408.033 28.583
197.714 407.059 28.593
197.716 406.088 28.600
197.717 405.091 28.603
197.718 404.090 28.604
197.717 403.099 28.603
197.716 402.096 28.602
197.716 401.125 28.602
197.715 400.144 28.603
197.715 399.166 28.607
197.715 398.202 28.611
197.715 397.232 28.615
197.716 396.261 28.618
197.716 395.090 28.620
197.716 394.351 28.620
197.716 393.728 28.618
197.717 393.082 28.612
197.722 392.277 28.603
197.734 391.563 28.603
197.756 390.604 28.608
197.779 389.674 28.613
197.804 388.720 28.617
197.829 387.714 28.619
197.851 386.772 28.619
197.874 385.824 28.619
197.895 384.906 28.619
197.917 383.978 28.617
197.941 383.045 28.609
197.972 382.109 28.607
198.009 381.193 28.612
198.048 380.249 28.618
198.091 379.203 28.622
198.121 378.470 28.624
198.145 377.868 28.624
198.166 377.344 28.624
198.190 376.762 28.625
198.213 376.163 28.625
198.242 375.404 28.624
198.271 374.640 28.624
198.298 373.929 28.623
198.320 373.343 28.623
198.342 372.752 28.623
198.370 371.999 28.624
198.395 371.329 28.624
198.429 370.428 28.624
198.463 369.525 28.625
198.496 368.636 28.631
198.523 367.760 28.632
198.546 366.870 28.628
198.567 365.983 28.624
198.590 365.054 28.621
198.613 364.145 28.620
198.631 363.407 28.619
198.647 362.797 28.619
198.659 362.310 28.619
198.675 361.694 28.619
198.690 361.077 28.620
198.709 360.345 28.620
198.726 359.689 28.619
198.749 358.782 28.614
198.773 357.841 28.608
198.796 356.928 28.605
198.820 355.958 28.606
198.844 355.012 28.612
198.868 354.040 28.617
198.892 353.085 28.619
198.916 352.106 28.615
198.940 351.156 28.611
198.965 350.163 28.608
198.991 349.105 28.610
199.016 348.075 28.616
199.037 347.243 28.620
199.053 346.589 28.622
199.069 345.932 28.620
199.090 345.081 28.615
199.109 344.307 28.611
199.135 343.269 28.611
199.159 342.266 28.613
199.184 341.253 28.613
199.209 340.210 28.609
199.235 339.156 28.609
199.260 338.117 28.610
199.286 337.045 28.607
199.313 335.936 28.601
199.339 334.865 28.598
199.364 333.792 28.600
199.391 332.676 28.603
199.417 331.566 28.605
199.443 330.484 28.602
199.464 329.645 28.597
199.491 328.744 28.596
199.507 328.227 28.597
199.531 327.521 28.599
199.554 326.815 28.601
199.584 325.921 28.605
199.611 325.125 28.607
199.645 324.071 28.610
199.681 322.990 28.612
199.716 321.922 28.612
199.750 320.881 28.613
199.785 319.780 28.611
199.821 318.685 28.606
199.856 317.615 28.604
199.891 316.519 28.608
199.927 315.393 28.615
199.962 314.308 28.618
199.998 313.212 28.616
200.035 312.056 28.614
200.080 310.669 28.620
200.107 309.801 28.622
200.132 309.038 28.621
200.156 308.270 28.617
200.187 307.297 28.613
200.215 306.422 28.610
200.251 305.283 28.611
200.289 304.080 28.612
200.326 302.897 28.608
200.363 301.700 28.604
200.401 300.485 28.606
200.439 299.282 28.608
200.476 298.091 28.608
200.515 296.830 28.603
200.554 295.562 28.603
200.593 294.299 28.604
200.632 293.040 28.605
200.669 291.847 28.604
200.716 290.356 28.604
200.745 289.404 28.603
200.770 288.600 28.601
200.795 287.816 28.598
200.827 286.778 28.597
200.855 285.856 28.599
200.892 284.649 28.604
200.931 283.401 28.609
200.969 282.159 28.611
201.005 280.969 28.612
201.042 279.768 28.608
201.080 278.509 28.604
201.113 277.447 28.603
201.140 276.527 28.606
201.165 275.709 28.609
201.197 274.651 28.614
201.229 273.603 28.617
201.259 272.598 28.619
201.283 271.805 28.620
201.310 270.927 28.621
201.342 269.876 28.622
201.370 268.956 28.622
201.399 267.990 28.623
201.431 266.944 28.624
201.449 266.347 28.625
201.473 265.537 28.625
201.497 264.746 28.626
201.520 263.993 28.626
201.557 262.773 28.626
201.593 261.561 28.627
201.630 260.351 28.627
201.667 259.108 28.627
201.704 257.903 28.627
201.740 256.710 28.627
201.776 255.523 28.628
201.812 254.334 28.628
201.847 253.159 28.629
201.883 251.987 28.629
201.918 250.810 28.629
201.955 249.607 28.628
201.991 248.404 28.628
202.027 247.216 28.629
202.055 246.297 28.629
202.085 245.284 28.629
202.112 244.407 28.629
202.147 243.242 28.629
202.181 242.094 28.630
202.215 240.929 28.631
202.251 239.750 28.632
202.285 238.593 28.632
202.319 237.447 28.633
202.353 236.317 28.634
202.387 235.174 28.634
202.421 234.019 28.635
202.455 232.877 28.636
202.489 231.720 28.636
202.524 230.549 28.638
202.556 229.461 28.643
202.587 228.410 28.655
202.598 228.000 28.660
202.613 227.502 28.665
202.627 226.990 28.669
202.641 226.502 28.672
202.664 225.661 28.675
202.677 225.215 28.676
202.690 224.734 28.675
202.702 224.306 28.671
202.716 223.816 28.665
202.728 223.391 28.659
202.742 222.907 28.652
202.763 222.187 28.646
202.780 221.599 28.642
202.798 221.010 28.641
202.814 220.463 28.640
202.841 219.546 28.640
202.851 219.194 28.641
202.867 218.658 28.646
202.891 217.831 28.658
202.900 217.509 28.663
202.913 217.045 28.669
202.934 216.288 28.675
202.942 215.998 28.677
202.953 215.574 28.678
202.973 214.878 28.668
202.981 214.601 28.663
202.991 214.242 28.657
203.002 213.876 28.651
203.012 213.526 28.648
203.023 213.170 28.645
203.033 212.814 28.644
203.046 212.388 28.643
203.066 211.697 28.643
203.092 210.800 28.643
203.112 210.110 28.643
203.128 209.557 28.642
203.142 209.089 28.641
203.155 208.645 28.640
203.165 208.285 28.640
203.175 207.949 28.640
203.185 207.601 28.640
203.202 207.003 28.640
203.214 206.593 28.640
203.223 206.300 28.640
203.235 205.894 28.640
203.252 205.292 28.640
203.262 204.937 28.639
203.272 204.604 28.639
203.283 204.243 28.638
203.292 203.906 28.637
203.303 203.539 28.634
203.323 202.838 28.628
203.343 202.138 28.623
203.354 201.771 28.622
203.365 201.388 28.620
203.384 200.729 28.621
203.396 200.286 28.624
203.405 199.991 28.626
203.418 199.548 28.629
203.426 199.244 28.631
203.438 198.816 28.633
203.447 198.517 28.634
203.457 198.156 28.634
203.468 197.780 28.634
203.479 197.404 28.634
203.497 196.750 28.633
203.518 196.038 28.632
203.527 195.713 28.632
203.539 195.301 28.632
203.560 194.561 28.631
203.580 193.837 28.631
203.589 193.528 28.630
203.599 193.187 28.630
203.610 192.795 28.630
203.620 192.450 28.630
203.630 192.072 28.629
203.640 191.723 28.629
203.651 191.336 28.629
203.661 190.992 28.629
203.672 190.598 28.630
203.693 189.887 28.630
203.714 189.150 28.631
203.734 188.428 28.631
203.755 187.702 28.631
203.776 186.992 28.631
203.796 186.276 28.631
203.805 185.960 28.631
203.814 185.645 28.631
203.825 185.245 28.631
203.834 184.932 28.631
203.846 184.530 28.631
203.866 183.806 28.632
203.893 182.838 28.632
203.913 182.125 28.633
203.933 181.428 28.633
203.953 180.727 28.634
203.970 180.119 28.634
203.981 179.753 28.634
203.990 179.421 28.634
204.001 179.049 28.634
204.010 178.720 28.633
204.021 178.338 28.629
204.031 178.005 28.625
204.045 177.625 28.620
204.077 176.917 28.614
204.118 176.241 28.618
204.165 175.575 28.628
204.188 175.267 28.633
204.208 175.004 28.636
204.236 174.619 28.640
204.256 174.349 28.641
204.277 174.066 28.640
204.305 173.691 28.637
204.325 173.426 28.633
204.381 172.756 28.626
204.427 172.261 28.626
204.460 171.926 28.628
204.520 171.356 28.632
204.560 170.983 28.632
204.590 170.715 28.632
204.620 170.448 28.632
204.666 170.062 28.634
204.698 169.799 28.637
204.745 169.423 28.641
204.819 168.834 28.644
204.899 168.203 28.641
204.936 167.918 28.638
204.972 167.655 28.634
205.031 167.238 28.630
205.070 166.971 28.630
205.128 166.601 28.632
205.170 166.338 28.635
205.211 166.091 28.640
205.268 165.750 28.651
205.307 165.516 28.659
205.399 164.967 28.676
205.465 164.576 28.684
205.548 164.084 28.679
205.583 163.878 28.674
205.636 163.577 28.666
205.672 163.369 28.662
205.710 163.159 28.659
205.763 162.866 28.656
205.800 162.663 28.655
205.891 162.162 28.650
205.963 161.778 28.647
206.058 161.283 28.649
206.098 161.080 28.652
206.154 160.797 28.655
206.194 160.600 28.657
206.234 160.396 28.658
206.291 160.111 28.660
206.331 159.907 28.661
206.371 159.705 28.661
206.428 159.419 28.662
206.550 158.797 28.662
206.638 158.351 28.662
206.692 158.073 28.661
206.733 157.867 28.659
206.787 157.593 28.657
206.880 157.136 28.654
206.983 156.648 28.657
207.032 156.426 28.661
207.092 156.151 28.665
207.137 155.948 28.668
207.180 155.755 28.670
207.239 155.490 28.673
207.283 155.287 28.674
207.325 155.098 28.675
207.385 154.825 28.676
207.428 154.626 28.676
207.532 154.151 28.676
207.611 153.785 28.676
207.665 153.538 28.676
207.755 153.127 28.676
207.813 152.858 28.676
207.854 152.669 28.676
207.898 152.468 28.677
207.956 152.201 28.677
207.999 152.004 28.678
208.041 151.809 28.679
208.101 151.536 28.679
208.231 150.941 28.682
208.320 150.532 28.683
208.381 150.252 28.683
208.421 150.066 28.683
208.475 149.820 28.684
208.529 149.574 28.684
208.577 149.352 28.683
208.621 149.149 28.683
208.677 148.892 28.683
208.720 148.697 28.684
208.759 148.516 28.685
208.815 148.261 28.688
208.854 148.075 28.689
208.947 147.634 28.688
208.988 147.434 28.687
209.049 147.136 28.685
209.105 146.864 28.685
209.181 146.495 28.684
209.235 146.233 28.684
209.274 146.043 28.684
209.312 145.859 28.685
209.368 145.589 28.685
209.407 145.403 28.686
209.446 145.213 28.686
209.501 144.951 28.687
209.572 144.608 28.688
209.619 144.380 28.689
209.662 144.172 28.689
209.699 143.994 28.690
209.752 143.742 28.690
209.790 143.558 28.691
209.828 143.374 28.691
209.881 143.119 28.692
209.919 142.936 28.692
210.009 142.499 28.693
210.078 142.168 28.694
210.166 141.744 28.695
210.203 141.562 28.695
210.256 141.308 28.696
210.293 141.126 28.696
210.331 140.945 28.697
210.383 140.693 28.698
210.419 140.520 28.698
210.467 140.289 28.699
210.522 140.024 28.700
210.556 139.858 28.704
210.591 139.690 28.709
210.634 139.478 28.716
210.697 139.173 28.722
210.742 138.958 28.721
210.807 138.640 28.716
210.852 138.423 28.713
210.885 138.266 28.710
210.922 138.086 28.708
210.961 137.897 28.706
211.012 137.653 28.705
211.081 137.318 28.705
211.155 136.963 28.705
211.187 136.809 28.704
211.218 136.657 28.702
211.265 136.430 28.699
211.298 136.272 28.697
211.333 136.105 28.696
211.379 135.880 28.695
211.412 135.722 28.696
211.494 135.327 28.699
211.557 135.019 28.702
211.636 134.641 28.704
211.668 134.482 28.704
211.715 134.256 28.705
211.749 134.091 28.705
211.790 133.895 28.705
211.830 133.701 28.705
211.868 133.517 28.705
211.899 133.366 28.705
211.949 133.126 28.706
211.981 132.970 28.707
212.026 132.752 28.709
212.056 132.602 28.710
212.087 132.447 28.710
212.128 132.237 28.708
212.186 131.935 28.704
212.227 131.720 28.702
212.285 131.416 28.701
212.326 131.206 28.701
212.356 131.051 28.702
212.385 130.899 28.703
212.426 130.689 28.705
212.455 130.540 28.705
212.524 130.179 28.705
212.576 129.905 28.704
212.643 129.551 28.707
212.673 129.390 28.711
212.727 129.104 28.723
212.780 128.825 28.730
212.802 128.708 28.728
212.824 128.591 28.726
212.855 128.431 28.721
212.876 128.317 28.717
212.898 128.202 28.713
212.931 128.027 28.709
212.953 127.914 28.707
212.983 127.758 28.706
213.004 127.646 28.705
213.055 127.376 28.705
213.094 127.168 28.706
213.121 127.028 28.706
213.166 126.792 28.707
213.194 126.643 28.708
213.215 126.532 28.708
213.236 126.424 28.709
213.265 126.268 28.712
213.285 126.164 28.713
213.333 125.903 28.713
213.368 125.703 28.710
213.393 125.564 28.708
213.435 125.322 28.707
213.464 125.156 28.707
213.511 124.897 28.708
213.530 124.791 28.709
213.550 124.683 28.711
213.576 124.537 28.713
213.595 124.430 28.714
213.612 124.327 28.713
213.636 124.183 28.711
213.671 123.972 28.708
213.694 123.826 28.706
213.711 123.722 28.705
213.729 123.614 28.704
213.754 123.464 28.704
213.774 123.343 28.704
213.815 123.106 28.705
213.858 122.855 28.705
213.876 122.744 28.706
213.894 122.637 28.706
213.919 122.490 28.707
213.937 122.386 28.707
213.955 122.282 28.708
213.979 122.135 28.709
213.997 122.029 28.710
214.017 121.910 28.711
214.037 121.789 28.711
214.055 121.674 28.710
214.095 121.422 28.706
214.112 121.314 28.705
214.130 121.192 28.704
214.150 121.065 28.703
214.170 120.943 28.703
214.186 120.842 28.704
214.209 120.701 28.705
214.225 120.601 28.706
214.241 120.502 28.707
214.262 120.366 28.709
214.293 120.169 28.709
214.315 120.027 28.707
214.345 119.823 28.705
214.366 119.682 28.704
214.381 119.578 28.703
214.396 119.478 28.703
214.418 119.334 28.703
214.433 119.237 28.703
214.470 118.999 28.703
214.498 118.815 28.703
214.534 118.581 28.703
214.549 118.483 28.703
214.571 118.338 28.702
214.585 118.242 28.702
214.600 118.144 28.702
214.622 118.005 28.701
214.652 117.807 28.701
214.680 117.621 28.703
214.701 117.476 28.704
214.725 117.314 28.703
214.764 117.038 28.700
214.803 116.761 28.698
214.822 116.628 28.697
214.846 116.457 28.697
214.862 116.352 28.697
214.885 116.190 28.697
214.901 116.079 28.697
214.926 115.911 28.699
214.944 115.783 28.699
214.966 115.625 28.698
214.980 115.518 28.696
215.001 115.360 28.692
215.015 115.255 28.690
215.036 115.091 28.688
215.053 114.961 28.687
215.074 114.799 28.689
215.110 114.535 28.693
215.128 114.399 28.695
215.154 114.197 28.696
215.180 113.975 28.693
215.192 113.867 28.692
215.203 113.773 28.691
215.217 113.644 28.692
215.228 113.556 28.693
215.238 113.466 28.695
215.253 113.340 28.698
215.264 113.253 28.699
215.274 113.164 28.699
215.287 113.044 28.698
215.317 112.765 28.695
215.336 112.575 28.693
215.349 112.448 28.693
215.359 112.360 28.693
215.368 112.271 28.693
215.382 112.149 28.694
215.393 112.056 28.694
215.402 111.967 28.694
215.416 111.844 28.695
215.446 111.569 28.696
215.467 111.382 28.697
215.480 111.263 28.697
215.490 111.174 28.697
215.499 111.087 28.698
215.512 110.966 28.699
215.521 110.882 28.699
215.531 110.796 28.701
215.543 110.677 28.702
215.569 110.420 28.706
215.585 110.241 28.707
215.594 110.123 28.707
215.600 110.044 28.705
215.606 109.959 28.704
215.613 109.846 28.702
215.618 109.762 28.702
215.623 109.676 28.702
215.631 109.500 28.704
215.639 109.317 28.706
215.642 109.232 28.707
215.644 109.159 28.708
215.646 109.054 28.708
215.647 108.978 28.708
215.647 108.900 28.706
215.646 108.792 28.703
215.645 108.715 28.701
215.642 108.518 28.696
215.639 108.371 28.694
215.637 108.185 28.691
215.636 108.105 28.690
215.635 107.977 28.691
215.635 107.899 28.692
215.635 107.783 28.695
215.635 107.701 28.697
215.635 107.621 28.699
215.636 107.509 28.700
215.636 107.427 28.700
215.637 107.230 28.700
215.638 107.080 28.701
215.640 106.887 28.703
215.641 106.807 28.704
215.643 106.692 28.704
215.644 106.610 28.703
215.645 106.530 28.702
215.647 106.414 28.700
215.649 106.336 28.700
215.653 106.142 28.701
215.657 105.998 28.704
215.664 105.815 28.708
215.667 105.741 28.709
215.670 105.630 28.710
215.673 105.550 28.709
215.675 105.473 28.708
215.679 105.309 28.706
215.683 105.146 28.705
215.689 104.966 28.707
215.692 104.892 28.708
215.696 104.787 28.709
215.699 104.711 28.710
215.701 104.637 28.710
215.705 104.533 28.710
215.708 104.457 28.710
215.714 104.275 28.710
215.718 104.135 28.710
215.724 103.963 28.710
215.726 103.888 28.710
215.729 103.785 28.710
215.732 103.711 28.710
215.734 103.640 28.710
215.738 103.534 28.710
215.740 103.462 28.710
215.746 103.284 28.710
215.750 103.149 28.711
215.753 103.055 28.711
215.759 102.899 28.712
215.762 102.796 28.712
215.765 102.727 28.712
215.767 102.655 28.713
215.770 102.557 28.713
215.773 102.487 28.713
215.778 102.315 28.714
215.781 102.241 28.713
215.783 102.167 28.713
215.787 102.066 28.712
215.790 101.992 28.712
215.793 101.916 28.712
215.797 101.814 28.713
215.800 101.740 28.715
215.807 101.572 28.718
215.813 101.444 28.719
215.821 101.265 28.719
215.827 101.105 28.718
215.833 100.938 28.717
215.835 100.866 28.717
215.838 100.795 28.716
215.842 100.698 28.716
215.844 100.628 28.716
215.847 100.557 28.716
215.850 100.459 28.716
215.855 100.323 28.716
215.859 100.226 28.715
215.863 100.085 28.713
215.866 99.989 28.712
215.869 99.919 28.711
215.871 99.852 28.711
215.874 99.752 28.711
215.877 99.679 28.711
215.883 99.512 28.711
215.887 99.386 28.711
215.893 99.228 28.713
215.895 99.162 28.713
215.898 99.063 28.712
215.900 98.995 28.711
215.902 98.927 28.710
215.905 98.833 28.709
215.907 98.766 28.708
215.911 98.606 28.708
215.915 98.483 28.707
215.920 98.322 28.707
215.923 98.254 28.707
215.926 98.157 28.707
215.928 98.089 28.707
215.930 98.016 28.705
215.934 97.911 28.701
215.936 97.831 28.698
215.943 97.626 28.690
215.948 97.457 28.687
215.952 97.329 28.687
215.959 97.121 28.692
215.963 97.000 28.694
215.969 96.805 28.698
215.973 96.673 28.700
215.976 96.581 28.700
215.979 96.485 28.701
215.983 96.357 28.701
215.986 96.262 28.700
215.989 96.166 28.698
215.994 96.015 28.693
215.997 95.908 28.690
216.002 95.746 28.685
216.006 95.633 28.682
216.014 95.358 28.682
216.021 95.148 28.685
216.029 94.880 28.689
216.033 94.769 28.690
216.038 94.604 28.691
216.041 94.495 28.691
216.045 94.378 28.691
216.050 94.219 28.690
216.054 94.103 28.689
216.057 93.993 28.688
216.062 93.831 28.686
216.069 93.610 28.684
216.074 93.456 28.683
216.081 93.238 28.681
216.086 93.077 28.680
216.090 92.966 28.679
216.093 92.856 28.678
216.098 92.700 28.677
216.102 92.593 28.676
216.110 92.330 28.675
216.116 92.129 28.673
216.125 91.864 28.672
216.128 91.758 28.672
216.133 91.593 28.672
216.139 91.378 28.669
216.143 91.240 28.667
216.149 91.002 28.664
216.153 90.851 28.663
216.156 90.743 28.662
216.159 90.637 28.661
216.163 90.487 28.659
216.166 90.380 28.659
216.169 90.262 28.658
216.174 90.114 28.657
216.180 89.902 28.655
216.184 89.752 28.654
216.190 89.543 28.652
216.194 89.386 28.649
216.198 89.272 28.647
216.202 89.120 28.646
216.205 89.016 28.646
216.209 88.911 28.646
216.214 88.763 28.646
216.218 88.659 28.645
216.226 88.409 28.643
216.229 88.305 28.642
216.233 88.194 28.641
216.237 88.048 28.640
216.240 87.943 28.639
216.243 87.843 28.638
216.248 87.694 28.636
216.251 87.588 28.635
216.259 87.339 28.633
216.265 87.144 28.631
216.273 86.886 28.628
216.276 86.784 28.627
216.281 86.637 28.626
216.284 86.535 28.625
216.287 86.430 28.624
216.292 86.281 28.622
216.295 86.176 28.621
216.298 86.075 28.620
216.304 85.880 28.618
216.311 85.657 28.616
216.319 85.407 28.613
216.322 85.308 28.612
216.327 85.152 28.611
216.330 85.052 28.610
216.333 84.953 28.609
216.337 84.813 28.607
216.340 84.713 28.606
216.348 84.469 28.604
216.354 84.277 28.602
216.361 84.031 28.600
216.364 83.931 28.599
216.369 83.788 28.597
216.372 83.687 28.596
216.375 83.588 28.596
216.379 83.441 28.594
216.382 83.341 28.593
216.386 83.241 28.592
216.390 83.101 28.591
216.399 82.794 28.588
216.406 82.580 28.586
216.410 82.438 28.584
216.413 82.339 28.583
216.416 82.237 28.582
216.420 82.099 28.581
216.424 81.997 28.580
216.427 81.895 28.579
216.431 81.743 28.578
216.434 81.646 28.578
216.438 81.503 28.578
216.443 81.321 28.579
216.446 81.203 28.578
216.448 81.092 28.576
216.449 80.997 28.574
216.451 80.857 28.569
216.452 80.755 28.566
216.453 80.652 28.563
216.454 80.470 28.559
216.457 80.266 28.557
216.461 80.029 28.555
216.463 79.935 28.555
216.465 79.794 28.555
216.467 79.700 28.554
216.469 79.601 28.553
216.471 79.462 28.551
216.472 79.360 28.550
216.473 79.249 28.548
216.475 79.128 28.547
216.476 79.016 28.545
216.479 78.778 28.544
216.481 78.600 28.544
216.482 78.482 28.544
216.483 78.282 28.545
216.483 78.155 28.545
216.482 78.063 28.545
216.481 77.973 28.544
216.479 77.847 28.543
216.476 77.759 28.542
216.468 77.553 28.540
216.460 77.395 28.538
216.445 77.191 28.535
216.438 77.111 28.533
216.425 76.987 28.529
216.416 76.905 28.526
216.405 76.805 28.521
216.391 76.698 28.515
216.377 76.595 28.511
216.365 76.510 28.508
216.348 76.391 28.506
216.335 76.305 28.505
216.321 76.209 28.506
216.304 76.106 28.506
216.289 76.012 28.507
216.275 75.932 28.507
216.253 75.813 28.505
216.211 75.608 28.498
216.188 75.504 28.494
216.146 75.321 28.486
216.116 75.194 28.480
216.095 75.103 28.475
216.071 75.003 28.469
216.038 74.858 28.461
216.013 74.751 28.456
215.986 74.635 28.452
215.946 74.463 28.447
215.916 74.336 28.444
215.872 74.148 28.441
215.841 74.012 28.440
215.795 73.813 28.438
215.763 73.674 28.437
215.717 73.474 28.435
215.684 73.330 28.434
215.650 73.181 28.432
215.600 72.968 28.431
215.566 72.820 28.430
215.482 72.455 28.431
215.447 72.306 28.430
215.413 72.161 28.430
215.362 71.940 28.426
215.327 71.789 28.423
215.290 71.629 28.420
215.237 71.404 28.416
215.200 71.242 28.413
215.161 71.079 28.411
215.105 70.837 28.408
215.031 70.517 28.405
214.978 70.293 28.403
214.930 70.083 28.403
214.886 69.897 28.404
214.821 69.619 28.406
214.722 69.193 28.408
214.680 69.014 28.409
214.640 68.842 28.408
214.583 68.599 28.408
214.538 68.405 28.407
214.447 68.015 28.404
214.350 67.598 28.400
214.308 67.417 28.399
214.268 67.248 28.397
214.214 67.012 28.395
214.172 66.834 28.394
214.130 66.655 28.393
214.073 66.408 28.391
214.031 66.228 28.390
213.983 66.025 28.388
213.933 65.810 28.387
213.885 65.606 28.385
213.789 65.194 28.382
213.715 64.876 28.380
213.620 64.470 28.377
213.580 64.299 28.375
213.522 64.052 28.373
213.482 63.884 28.372
213.441 63.707 28.370
213.384 63.466 28.368
213.345 63.297 28.367
213.305 63.125 28.365
213.248 62.882 28.362
213.207 62.710 28.360
213.112 62.301 28.354
213.039 61.978 28.352
212.991 61.765 28.352
212.910 61.402 28.353
212.857 61.168 28.353
212.821 61.004 28.352
212.782 60.834 28.351
212.731 60.604 28.349
212.694 60.440 28.347
212.603 60.031 28.339
212.528 59.687 28.331
212.434 59.238 28.328
212.358 58.861 28.329
212.277 58.447 28.327
212.242 58.268 28.325
212.208 58.092 28.322
212.161 57.838 28.318
212.129 57.667 28.315
212.093 57.463 28.312
212.057 57.252 28.311
212.024 57.050 28.312
211.997 56.876 28.313
211.960 56.637 28.316
211.935 56.470 28.319
211.875 56.071 28.322
211.826 55.747 28.319
211.794 55.532 28.316
211.761 55.313 28.312
211.729 55.098 28.309
211.678 54.733 28.308
211.645 54.487 28.310
211.593 54.090 28.315
211.572 53.925 28.316
211.550 53.758 28.316
211.520 53.528 28.314
211.499 53.363 28.313
211.478 53.201 28.311
211.448 52.962 28.308
211.428 52.798 28.306
211.384 52.407 28.304
211.353 52.106 28.308
211.317 51.728 28.315
211.302 51.572 28.318
211.281 51.344 28.321
211.266 51.189 28.322
211.250 51.031 28.322
211.228 50.808 28.322
211.212 50.643 28.320
211.191 50.436 28.318
211.156 50.079 28.312
211.122 49.698 28.309
211.108 49.537 28.310
211.095 49.377 28.312
211.079 49.164 28.315
211.067 49.009 28.317
211.056 48.861 28.319
211.039 48.640 28.320
211.027 48.490 28.321
210.998 48.128 28.321
210.986 47.981 28.321
210.974 47.834 28.321
210.957 47.620 28.320
210.945 47.471 28.319
210.932 47.319 28.318
210.914 47.101 28.317
210.902 46.952 28.316
210.890 46.799 28.315
210.872 46.584 28.312
210.835 46.123 28.305
210.811 45.803 28.302
210.797 45.596 28.303
210.787 45.453 28.304
210.777 45.307 28.305
210.764 45.105 28.306
210.754 44.957 28.306
210.730 44.612 28.305
210.711 44.351 28.304
210.687 44.009 28.302
210.677 43.867 28.301
210.662 43.663 28.299
210.652 43.523 28.298
210.641 43.376 28.296
210.626 43.167 28.294
210.616 43.026 28.293
210.605 42.878 28.292
210.591 42.676 28.290
210.569 42.379 28.287
210.546 42.058 28.284
210.521 41.709 28.282
210.511 41.562 28.281
210.501 41.429 28.280
210.487 41.235 28.280
210.477 41.090 28.279
210.467 40.950 28.279
210.454 40.761 28.278
210.434 40.481 28.278
210.421 40.297 28.277
210.401 40.020 28.277
210.388 39.828 28.276
210.377 39.678 28.275
210.366 39.512 28.273
210.354 39.341 28.272
210.344 39.185 28.271
210.334 39.051 28.270
210.321 38.859 28.269
210.292 38.442 28.266
210.272 38.155 28.264
210.259 37.960 28.262
210.249 37.826 28.261
210.240 37.690 28.260
210.226 37.497 28.259
210.217 37.367 28.258
210.208 37.230 28.257
210.195 37.042 28.255
210.177 36.795 28.253
210.162 36.582 28.251
210.139 36.253 28.248
210.129 36.124 28.247
210.120 35.992 28.246
210.107 35.812 28.244
210.098 35.676 28.242
210.086 35.513 28.240
210.074 35.344 28.239
210.062 35.178 28.237
-60.3602 3.0351 0.0003
-60.3602 3.0351 0.0003
-60.3602 3.0351 0.0003
-60.3602 3.0351 0.0003
-60.3602 3.0351 0.0003
-60.3602 3.0351 0.0003
-60.3602 3.0351 0.0003
-60.3602 3.0351 0.0003
-60.3602 3.0351 0.0003
-60.3602 3.0351 0.0003
-60.3602 3.0351 0.0003
-60.3602 3.0351 0.0003
-60.3602 3.0351 0.0003
-60.3602 3.0351 0.0003
-60.3602 3.0351 0.0003
-60.3602 3.0351 0.0003
-60.3602 3.0351 0.0003
-60.3602 3.0351 0.0003
-60.3602 3.0351 0.0003
-60.3602 3.0351 0.0003
-60.3602 3.0351 0.0003
-60.3602 3.0351 0.0003
-60.3602 3.0351 0.0003
-60.3602 3.0351 0.0003
-60.3602 3.0353 0.0003
-60.3603 3.0355 0.0003
-60.3606 3.0363 0.0003
-60.3610 3.0371 0.0003
-60.3615 3.0380 0.0003
-60.3623 3.0392 0.0003
-60.3662 3.0452 0.0003
-60.3748 3.0578 0.0003
-60.3925 3.0844 0.0003
-60.4184 3.1227 0.0003
-60.4438 3.1603 0.0003
-60.4833 3.2185 0.0003
-60.5028 3.2473 0.0003
-60.5320 3.2902 0.0003
-60.6090 3.4035 0.0003
-60.6363 3.4436 0.0003
-60.6647 3.4853 0.0003
-60.7055 3.5449 0.0003
-60.8112 3.6990 0.0003
-60.8846 3.8063 0.0003
-60.9351 3.8803 0.0003
-61.0659 4.0730 0.0003
-61.1557 4.2054 0.0003
-61.2191 4.2989 0.0003
-61.3803 4.5355 0.0003
-61.4869 4.6912 0.0003
-61.5629 4.8008 0.0003
-61.7582 5.0713 0.0003
-61.8895 5.2447 0.0003
-61.9851 5.3692 0.0003
-62.2112 5.6675 0.0003
-62.3568 5.8667 0.0003
-62.4597 6.0105 0.0003
-62.7005 6.3496 0.0003
-62.8535 6.5656 0.0003
-62.9569 6.7113 0.0003
-63.2156 7.0775 0.0003
-63.3802 7.3107 0.0003
-63.4946 7.4729 0.0003
-63.7739 7.8701 0.0003
-63.9563 8.1291 0.0003
-64.0808 8.3062 0.0003
-64.3781 8.7149 0.0003
-64.5754 8.9742 0.0003
-64.7171 9.1556 0.0003
-65.0575 9.5945 0.0003
-65.2658 9.8704 0.0003
-65.4131 10.0685 0.0003
-65.7647 10.5442 0.0003
-65.9845 10.8420 0.0004
-66.1334 11.0441 0.0004
-66.4902 11.5291 0.0004
-66.7152 11.8352 0.0004
-66.8702 12.0465 0.0004
-67.2241 12.5290 0.0004
-67.4433 12.8282 0.0004
-67.5932 13.0326 0.0004
-67.9522 13.5227 0.0004
-68.1800 13.8335 0.0004
-68.3385 14.0498 0.0004
-68.7115 14.5591 0.0004
-68.9826 14.9287 0.0004
-69.3027 15.3654 0.0004
-69.6060 15.7789 0.0004
-69.7300 15.9480 0.0004
-70.0288 16.3553 0.0004
-70.1575 16.5308 0.0004
-70.4611 16.9446 0.0004
-70.5847 17.1131 0.0004
-70.7131 17.2881 0.0004
-70.8888 17.5278 0.0004
-71.2901 18.0749 0.0004
-71.4149 18.2452 0.0004
-71.5424 18.4190 0.0004
-71.7185 18.6592 0.0004
-72.1236 19.2118 0.0004
-72.3731 19.5521 0.0004
-72.5412 19.7814 0.0004
-72.9358 20.3196 0.0004
-73.1838 20.6578 0.0005
-73.3551 20.8913 0.0005
-73.7586 21.4416 0.0005
-74.0054 21.7780 0.0005
-74.1787 22.0142 0.0005
-74.5783 22.5590 0.0005
-74.8235 22.8934 0.0005
-74.9926 23.1242 0.0005
-75.3843 23.6584 0.0005
-75.6246 23.9860 0.0005
-75.7910 24.2131 0.0005
-76.1808 24.7520 0.0005
-76.4155 25.0915 0.0005
-76.5750 25.3310 0.0005
-76.9358 25.8860 0.0005
-77.1666 26.2317 0.0005
-77.3262 26.4648 0.0005
-77.6969 27.0012 0.0005
-77.9278 27.3344 0.0005
-78.0888 27.5670 0.0005
-78.4603 28.1022 0.0005
-78.6938 28.4381 0.0005
-78.8553 28.6702 0.0006
-79.2236 29.1989 0.0006
-79.4540 29.5295 0.0006
-79.6145 29.7597 0.0006
-79.9868 30.2942 0.0006
-80.2206 30.6298 0.0006
-80.3815 30.8606 0.0006
-80.7581 31.4014 0.0006
-81.0022 31.7516 0.0006
-81.1680 31.9898 0.0006
-81.5702 32.5674 0.0006
-81.8329 32.9451 0.0006
-82.0090 33.1983 0.0006
-82.4152 33.7828 0.0006
-82.6689 34.1478 0.0006
-82.8438 34.4015 0.0006
-83.2360 34.9886 0.0006
-83.4711 35.3610 0.0006
-83.6251 35.6112 0.0006
-83.9958 36.2087 0.0007
-84.2319 36.5740 0.0007
-84.3943 36.8228 0.0007
-84.7823 37.4146 0.0007
-85.0210 37.7786 0.0007
-85.1786 38.0208 0.0007
-85.5497 38.6078 0.0007
-85.7748 38.9857 0.0007
-85.9176 39.2359 0.0007
-86.2934 39.9387 0.0007
-86.4902 40.3243 0.0007
-86.6520 40.6349 0.0007
-86.8324 40.9851 0.0007
-86.9599 41.2415 0.0007
-87.0545 41.4370 0.0007
-87.2633 41.8925 0.0007
-87.4184 42.2553 0.0007
-87.5289 42.5207 0.0007
-87.6108 42.7189 0.0007
-87.8159 43.2034 0.0008
-87.8996 43.3954 0.0008
-87.9879 43.5938 0.0008
-88.1054 43.8535 0.0008
-88.2837 44.2346 0.0008
-88.4044 44.4894 0.0008
-88.5817 44.8618 0.0008
-88.7045 45.1186 0.0008
-88.8826 45.4911 0.0008
-89.0105 45.7585 0.0008
-89.2010 46.1560 0.0008
-89.3337 46.4324 0.0008
-89.5129 46.8052 0.0008
-89.6422 47.0735 0.0008
-89.7421 47.2808 0.0008
-89.9853 47.7852 0.0008
-90.0871 47.9961 0.0008
-90.1886 48.2082 0.0008
-90.3236 48.4937 0.0008
-90.5256 48.9356 0.0008
-90.6576 49.2356 0.0008
-90.8489 49.6888 0.0008
-90.9706 49.9923 0.0008
-91.1454 50.4529 0.0009
-91.2593 50.7645 0.0009
-91.3456 51.0037 0.0009
-91.5474 51.5501 0.0009
-91.7090 51.9697 0.0009
-91.9259 52.5124 0.0009
-92.1432 53.0518 0.0009
-92.3151 53.4772 0.0009
-92.5206 53.9912 0.0009
-92.7257 54.5300 0.0009
-92.8793 54.9551 0.0009
-93.0650 55.4928 0.0009
-93.2524 56.0252 0.0009
-93.4046 56.4428 0.0009
-93.6074 56.9865 0.0009
-93.8061 57.5216 0.0009
-93.9526 57.9306 0.0010
-94.1302 58.4573 0.0010
-94.2983 59.0041 0.0010
-94.4244 59.4310 0.0010
-94.5879 59.9661 0.0010
-94.7605 60.4973 0.0010
-94.8947 60.9027 0.0010
-95.0703 61.4424 0.0010
-95.1450 61.6792 0.0010
-95.2397 61.9938 0.0010
-95.3684 62.4511 0.0010
-95.4507 62.7673 0.0010
-95.5649 63.2136 0.0010
-95.6473 63.5244 0.0010
-95.7723 63.9718 0.0010
-95.8591 64.2728 0.0010
-95.9224 64.4903 0.0010
-96.0775 65.0247 0.0011
-96.1406 65.2471 0.0011
-96.2824 65.7812 0.0011
-96.3826 66.1921 0.0011
-96.5012 66.7268 0.0011
-96.6160 67.2746 0.0011
-96.7085 67.6985 0.0011
-96.8278 68.2158 0.0011
-96.9534 68.7672 0.0011
-97.0407 69.1767 0.0011
-97.1436 69.7166 0.0011
-97.1839 69.9518 0.0011
-97.2323 70.2521 0.0011
-97.3600 71.0444 0.0011
-97.4445 71.5135 0.0011
-97.5175 71.8939 0.0012
-97.5604 72.1136 0.0012
-97.6561 72.6308 0.0012
-97.6944 72.8539 0.0012
-97.7748 73.3701 0.0012
-97.8071 73.5981 0.0012
-97.8389 73.8267 0.0012
-97.8828 74.1333 0.0012
-97.9962 74.8448 0.0012
-98.0731 75.2955 0.0012
-98.1247 75.5968 0.0012
-98.2525 76.3415 0.0012
-98.3323 76.8164 0.0012
-98.3858 77.1531 0.0012
-98.4983 77.9436 0.0012
-98.5566 78.4412 0.0012
-98.5904 78.7865 0.0012
-98.6571 79.5763 0.0013
-98.7033 80.0746 0.0013
-98.7383 80.4106 0.0013
-98.8203 81.1887 0.0013
-98.8643 81.7035 0.0013
-98.8881 82.0499 0.0013
-98.9119 82.5443 0.0013
-98.9238 82.9011 0.0013
-98.9314 83.1439 0.0013
-98.9558 83.7240 0.0013
-98.9686 83.9771 0.0013
-98.9839 84.2302 0.0013
-99.0065 84.5726 0.0013
-99.0574 85.3838 0.0013
-99.0797 85.8817 0.0013
-99.0886 86.2058 0.0014
-99.0937 86.7055 0.0014
-99.0902 87.0438 0.0014
-99.0850 87.2898 0.0014
-99.0713 87.8645 0.0014
-99.0675 88.1127 0.0014
-99.0658 88.6836 0.0014
-99.0692 89.1314 0.0014
-99.0730 89.6871 0.0014
-99.0718 89.9369 0.0014
-99.0669 90.2818 0.0014
-99.0514 90.7625 0.0014
-99.0354 91.0807 0.0014
-99.0050 91.5624 0.0014
-98.9841 91.8867 0.0014
-98.9696 92.1327 0.0014
-98.9411 92.7082 0.0014
-98.9261 93.1409 0.0014
-98.9050 93.6985 0.0015
-98.8923 93.9485 0.0015
-98.8727 94.2638 0.0015
-98.8359 94.7267 0.0015
-98.8055 95.0473 0.0015
-98.7601 95.5167 0.0015
-98.7312 95.8406 0.0015
-98.6938 96.3137 0.0015
-98.6718 96.6344 0.0015
-98.6564 96.8687 0.0015
-98.6186 97.4473 0.0015
-98.5898 97.8916 0.0015
-98.5518 98.4761 0.0015
-98.5340 98.7296 0.0015
-98.5079 99.0702 0.0015
-98.4298 99.8827 0.0015
-98.3725 100.3864 0.0016
-98.3339 100.7285 0.0016
-98.2789 101.2537 0.0016
-98.2485 101.5782 0.0016
-98.2259 101.8255 0.0016
-98.1691 102.4170 0.0016
-98.1420 102.6671 0.0016
-98.1124 102.9191 0.0016
-98.0648 103.2838 0.0016
-97.9464 104.0663 0.0016
-97.8655 104.5675 0.0016
-97.8119 104.9216 0.0016
-97.7458 105.4028 0.0016
-97.6704 105.9810 0.0016
-97.5933 106.5757 0.0016
-97.5613 106.8193 0.0016
-97.4743 107.4121 0.0017
-97.4333 107.6625 0.0017
-97.3913 107.9093 0.0017
-97.3357 108.2317 0.0017
-97.2070 109.0278 0.0017
-97.1335 109.5208 0.0017
-97.0848 109.8496 0.0017
-97.0105 110.3320 0.0017
-96.9513 110.6789 0.0017
-96.9056 110.9280 0.0017
-96.7941 111.4819 0.0017
-96.7389 111.7317 0.0017
-96.6825 111.9720 0.0017
-96.6011 112.2952 0.0017
-96.3916 113.0606 0.0017
-96.2638 113.5223 0.0017
-96.1789 113.8404 0.0017
-95.9868 114.5865 0.0018
-95.8587 115.0504 0.0018
-95.7654 115.3650 0.0018
-95.5266 116.0976 0.0018
-95.3623 116.5740 0.0018
-95.2571 116.8816 0.0018
-95.1072 117.3307 0.0018
-95.0087 117.6404 0.0018
-94.9351 117.8773 0.0018
-94.7742 118.4072 0.0018
-94.7055 118.6325 0.0018
-94.6337 118.8624 0.0018
-94.5354 119.1694 0.0018
-94.2899 119.8819 0.0018
-94.1222 120.3337 0.0018
-94.0068 120.6450 0.0018
-93.8410 121.1045 0.0018
-93.7416 121.3918 0.0018
-93.6635 121.6220 0.0018
-93.4837 122.1548 0.0019
-93.4107 122.3715 0.0019
-93.3340 122.5993 0.0019
-93.2313 122.9050 0.0019
-92.9961 123.6057 0.0019
-92.8474 124.0498 0.0019
-92.7378 124.3719 0.0019
-92.6553 124.6096 0.0019
-92.4621 125.1406 0.0019
-92.3706 125.3819 0.0019
-92.1402 125.9588 0.0019
-92.0394 126.1979 0.0019
-91.9352 126.4372 0.0019
-91.7870 126.7659 0.0019
-91.4477 127.4937 0.0019
-91.2360 127.9577 0.0019
-91.0926 128.2793 0.0019
-90.9934 128.5082 0.0019
-90.7607 129.0509 0.0020
-90.6636 129.2730 0.0020
-90.4178 129.8100 0.0020
-90.3100 130.0388 0.0020
-90.2063 130.2642 0.0020
-90.0677 130.5728 0.0020
-89.7441 131.3121 0.0020
-89.5496 131.7589 0.0020
-89.4193 132.0586 0.0020
-89.2217 132.5134 0.0020
-89.0921 132.8122 0.0020
-88.9941 133.0379 0.0020
-88.7580 133.5802 0.0020
-88.6549 133.8112 0.0020
-88.5548 134.0322 0.0020
-88.4146 134.3313 0.0020
-88.0665 135.0296 0.0020
-87.8330 135.4640 0.0020
-87.6627 135.7638 0.0021
-87.5351 135.9803 0.0021
-87.2420 136.4653 0.0021
-87.1190 136.6676 0.0021
-86.7986 137.1998 0.0021
-86.6612 137.4346 0.0021
-86.5427 137.6396 0.0021
-86.2639 138.1369 0.0021
-85.9800 138.6503 0.0021
-85.8694 138.8509 0.0021
-85.6006 139.3402 0.0021
-85.4871 139.5475 0.0021
-85.3737 139.7551 0.0021
-85.2173 140.0417 0.0021
-84.8525 140.7118 0.0021
-84.6174 141.1438 0.0021
-84.4573 141.4379 0.0021
-84.2224 141.8699 0.0021
-84.0635 142.1623 0.0021
-83.9422 142.3854 0.0021
-83.6532 142.9145 0.0022
-83.5212 143.1531 0.0022
-83.3938 143.3788 0.0022
-83.2118 143.6941 0.0022
-82.7755 144.4153 0.0022
-82.4806 144.8751 0.0022
-82.2746 145.1874 0.0022
-81.9726 145.6452 0.0022
-81.7680 145.9613 0.0022
-81.6230 146.1884 0.0022
-81.2944 146.7148 0.0022
-81.1496 146.9484 0.0022
-81.0040 147.1832 0.0022
-80.8095 147.4952 0.0022
-80.3561 148.1957 0.0022
-80.0505 148.6445 0.0022
-79.8457 148.9327 0.0022
-79.5242 149.3665 0.0022
-79.3128 149.6410 0.0023
-79.1371 149.8662 0.0023
-78.7603 150.3497 0.0023
-78.5962 150.5607 0.0023
-78.4342 150.7659 0.0023
-78.2064 151.0479 0.0023
-77.6636 151.6859 0.0023
-77.3189 152.0784 0.0023
-77.0809 152.3531 0.0023
-76.7342 152.7600 0.0023
-76.5168 153.0233 0.0023
-76.3499 153.2278 0.0023
-75.9687 153.6972 0.0023
-75.8090 153.8945 0.0023
-75.6450 154.0972 0.0023
-75.4248 154.3698 0.0023
-74.9137 155.0046 0.0023
-74.5895 155.4084 0.0023
-74.3620 155.6922 0.0023
-74.0415 156.0922 0.0023
-73.8196 156.3689 0.0023
-73.6485 156.5805 0.0024
-73.2410 157.0699 0.0024
-73.0597 157.2815 0.0024
-72.8818 157.4849 0.0024
-72.6330 157.7625 0.0024
-72.0374 158.3980 0.0024
-71.6448 158.7932 0.0024
-71.3863 159.0445 0.0024
-70.9861 159.4306 0.0024
-70.7214 159.6867 0.0024
-70.5197 159.8829 0.0024
-70.0769 160.3259 0.0024
-69.8840 160.5223 0.0024
-69.6905 160.7208 0.0024
-69.4362 160.9824 0.0024
-68.8303 161.5913 0.0024
-68.4335 161.9738 0.0024
-68.1660 162.2261 0.0024
-67.7712 162.6022 0.0024
-67.5214 162.8470 0.0024
-67.3265 163.0405 0.0024
-66.8753 163.4878 0.0025
-66.6750 163.6829 0.0025
-66.4652 163.8844 0.0025
-66.2047 164.1284 0.0025
-65.8046 164.4892 0.0025
-65.5342 164.7270 0.0025
-65.3335 164.9057 0.0025
-64.8339 165.3606 0.0025
-64.6212 165.5578 0.0025
-64.3918 165.7718 0.0025
-63.9348 166.1987 0.0025
-63.7370 166.3822 0.0025
-63.4775 166.6188 0.0025
-63.2763 166.7999 0.0025
-62.8024 167.2102 0.0025
-62.6049 167.3762 0.0025
-62.3959 167.5509 0.0025
-62.1262 167.7781 0.0025
-61.4872 168.3283 0.0025
-61.0893 168.6768 0.0025
-60.8176 168.9106 0.0025
-60.4095 169.2520 0.0025
-60.1332 169.4745 0.0025
-59.9250 169.6390 0.0025
-59.4495 170.0145 0.0025
-59.2403 170.1811 0.0026
-59.0344 170.3486 0.0026
-58.7683 170.5684 0.0026
-58.1409 171.0874 0.0026
-57.7326 171.4157 0.0026
-57.4652 171.6236 0.0026
-57.0415 171.9409 0.0026
-56.7692 172.1363 0.0026
-56.5689 172.2774 0.0026
-56.0773 172.6226 0.0026
-55.8636 172.7759 0.0026
-55.6600 172.9217 0.0026
-55.3767 173.1211 0.0026
-54.7116 173.5687 0.0026
-54.2677 173.8465 0.0026
-53.9697 174.0240 0.0026
-53.7399 174.1566 0.0026
-53.2269 174.4464 0.0026
-53.0030 174.5737 0.0026
-52.5036 174.8630 0.0026
-52.2863 174.9910 0.0026
-52.0557 175.1304 0.0026
-51.7732 175.3044 0.0026
-51.0941 175.7165 0.0026
-50.6543 175.9690 0.0026
-50.3667 176.1282 0.0026
-49.9283 176.3714 0.0026
-49.6333 176.5385 0.0026
-49.4107 176.6666 0.0026
-48.9026 176.9654 0.0026
-48.6979 177.0864 0.0027
-48.4733 177.2193 0.0027
-48.1775 177.3934 0.0027
-47.5059 177.7734 0.0027
-47.0677 178.0073 0.0027
-46.7760 178.1558 0.0027
-46.3336 178.3778 0.0027
-46.0359 178.5303 0.0027
-45.8265 178.6383 0.0027
-45.3163 178.8979 0.0027
-45.1063 179.0012 0.0027
-44.8780 179.1106 0.0027
-44.5813 179.2479 0.0027
-43.8723 179.5542 0.0027
-43.4160 179.7431 0.0027
-43.1032 179.8755 0.0027
-42.6522 180.0718 0.0027
-42.3543 180.2063 0.0027
-42.1310 180.3089 0.0027
-41.6104 180.5497 0.0027
-41.3915 180.6513 0.0027
-41.1755 180.7518 0.0027
-40.8798 180.8894 0.0027
-40.2004 181.2064 0.0027
-39.7634 181.4110 0.0027
-39.4596 181.5537 0.0027
-39.0270 181.7570 0.0027
-38.7354 181.8930 0.0027
-38.5145 181.9933 0.0027
-38.0048 182.2150 0.0027
-37.7826 182.3071 0.0027
-37.5537 182.3987 0.0027
-37.2478 182.5179 0.0027
-36.5638 182.7862 0.0027
-36.1183 182.9714 0.0027
-35.7697 183.1190 0.0027
-35.5077 183.2303 0.0027
-35.2751 183.3290 0.0027
-34.6984 183.5741 0.0027
-34.2959 183.7448 0.0027
-34.0022 183.8698 0.0027
-33.7754 183.9665 0.0028
-33.5342 184.0698 0.0028
-33.2351 184.2028 0.0028
-32.7800 184.4152 0.0028
-32.4837 184.5590 0.0028
-32.0366 184.7852 0.0028
-31.7372 184.9393 0.0028
-31.5016 185.0616 0.0028
-30.9620 185.3352 0.0028
-30.5385 185.5441 0.0028
-30.0060 185.8017 0.0028
-29.7666 185.9172 0.0028
-29.4592 186.0654 0.0028
-28.9857 186.2934 0.0028
-28.6835 186.4386 0.0028
-28.2376 186.6527 0.0028
-27.9281 186.8008 0.0028
-27.7009 186.9095 0.0028
-27.1574 187.1694 0.0028
-26.7336 187.3718 0.0028
-26.1669 187.6426 0.0028
-25.9177 187.7616 0.0028
-25.5823 187.9217 0.0028
-25.1064 188.1491 0.0028
-24.7879 188.3025 0.0028
-24.2810 188.5549 0.0028
-23.9555 188.7225 0.0028
-23.7129 188.8510 0.0028
-23.1508 189.1604 0.0029
-22.6974 189.4149 0.0029
-22.1304 189.7258 0.0029
-21.8838 189.8578 0.0029
-21.5589 190.0295 0.0029
-21.0665 190.2976 0.0029
-20.7653 190.4677 0.0029
-20.2861 190.7505 0.0029
-19.9835 190.9374 0.0029
-19.7525 191.0837 0.0029
-19.1951 191.4405 0.0029
-18.7798 191.7042 0.0029
-18.2406 192.0361 0.0029
-18.0150 192.1719 0.0029
-17.7155 192.3549 0.0029
-17.2651 192.6390 0.0029
-16.9717 192.8315 0.0029
-16.5263 193.1358 0.0030
-16.2429 193.3380 0.0030
-16.0299 193.4933 0.0030
-15.5289 193.8622 0.0030
-15.3134 194.0206 0.0030
-14.8034 194.3853 0.0030
-14.4010 194.6655 0.0030
-13.8924 195.0222 0.0030
-13.6662 195.1865 0.0030
-13.3814 195.3987 0.0030
-12.9690 195.7170 0.0030
-12.6984 195.9346 0.0030
-12.2981 196.2667 0.0030
-12.0367 196.4854 0.0030
-11.8330 196.6549 0.0031
-11.3490 197.0508 0.0031
-10.9768 197.3459 0.0031
-10.4980 197.7295 0.0031
-10.2861 197.9051 0.0031
-10.0157 198.1349 0.0031
-9.6213 198.4825 0.0031
-9.3662 198.7167 0.0031
-8.9972 199.0639 0.0031
-8.7456 199.3015 0.0031
-8.5500 199.4851 0.0031
-8.0994 199.9019 0.0031
-7.7540 200.2283 0.0032
-7.3336 200.6436 0.0032
-7.1532 200.8301 0.0032
-6.9063 201.0930 0.0032
-6.5621 201.4767 0.0032
-6.3294 201.7491 0.0032
-6.1598 201.9527 0.0032
-5.7067 202.5050 0.0032
-5.5227 202.7292 0.0032
-5.3470 202.9425 0.0032
-4.9448 203.4193 0.0033
-4.5593 203.8650 0.0033
-4.3950 204.0532 0.0033
-4.0170 204.4991 0.0033
-3.8495 204.6989 0.0033
-3.6805 204.8966 0.0033
-3.4538 205.1574 0.0033
-2.9354 205.7474 0.0033
-2.5951 206.1332 0.0033
-2.3665 206.3926 0.0033
-2.0239 206.7808 0.0034
-1.7981 207.0365 0.0034
-1.6291 207.2279 0.0034
-1.2262 207.6871 0.0034
-1.0515 207.8905 0.0034
-0.8812 208.0925 0.0034
-0.6534 208.3687 0.0034
-0.1217 209.0422 0.0034
0.2122 209.4877 0.0035
0.4297 209.7892 0.0035
0.7458 210.2467 0.0035
0.9463 210.5488 0.0035
1.0970 210.7845 0.0035
1.4263 211.3213 0.0035
1.5764 211.5734 0.0035
1.7184 211.8147 0.0035
1.8952 212.1174 0.0035
2.3319 212.8579 0.0036
2.6037 213.3317 0.0036
2.7786 213.6508 0.0036
3.0259 214.1224 0.0036
3.1884 214.4394 0.0036
3.3125 214.6788 0.0036
3.6019 215.2243 0.0036
3.7317 215.4640 0.0037
3.8623 215.6994 0.0037
4.0370 216.0096 0.0037
4.4602 216.7548 0.0037
4.7309 217.2344 0.0037
4.9085 217.5586 0.0037
5.1750 218.0607 0.0037
5.3452 218.3942 0.0038
5.4660 218.6375 0.0038
5.7444 219.2226 0.0038
5.8630 219.4796 0.0038
5.9836 219.7439 0.0038
6.1402 220.0832 0.0038
6.5127 220.8817 0.0038
6.7351 221.3853 0.0039
6.8796 221.7313 0.0039
7.1997 222.5647 0.0039
7.3880 223.0885 0.0039
7.5100 223.4288 0.0039
7.7001 223.9493 0.0039
7.8258 224.2807 0.0040
7.9254 224.5389 0.0040
8.1633 225.1448 0.0040
8.2566 225.3912 0.0040
8.3544 225.6575 0.0040
8.4779 226.0034 0.0040
8.7515 226.8247 0.0041
8.9205 227.3474 0.0041
9.0363 227.6927 0.0041
9.2180 228.2182 0.0041
9.3364 228.5525 0.0041
9.4240 228.8042 0.0041
9.6167 229.3887 0.0041
9.6982 229.6491 0.0042
9.7739 229.9017 0.0042
9.8737 230.2521 0.0042
10.1008 231.0743 0.0042
10.2513 231.5859 0.0042
10.3522 231.9224 0.0042
10.4995 232.4415 0.0043
10.5910 232.7867 0.0043
10.6572 233.0476 0.0043
10.7994 233.6564 0.0043
10.8567 233.9138 0.0043
10.9162 234.1740 0.0043
10.9985 234.5219 0.0043
11.2530 235.5184 0.0044
11.4197 236.1913 0.0044
11.4807 236.4600 0.0044
11.5357 236.7167 0.0044
11.6038 237.0564 0.0044
11.7467 237.8513 0.0045
11.8383 238.3569 0.0045
11.9030 238.7058 0.0045
11.9925 239.2206 0.0045
12.0454 239.5631 0.0045
12.0815 239.8207 0.0045
12.1513 240.4076 0.0046
12.1770 240.6697 0.0046
12.1987 240.9283 0.0046
12.2211 241.2597 0.0046
12.2588 242.0562 0.0046
12.2811 242.5648 0.0046
12.2976 242.9078 0.0047
12.3261 243.4136 0.0047
12.3498 243.7530 0.0047
12.3673 243.9951 0.0047
12.4008 244.5825 0.0047
12.4129 244.8349 0.0047
12.4247 245.0835 0.0047
12.4453 245.4308 0.0047
12.5013 246.2090 0.0048
12.5384 246.7065 0.0048
12.5638 247.0432 0.0048
12.6249 247.8475 0.0048
12.6617 248.3735 0.0049
12.6819 248.7298 0.0049
12.7044 249.2667 0.0049
12.7141 249.6290 0.0049
12.7185 249.9108 0.0049
12.7177 250.5474 0.0049
12.7131 250.8314 0.0050
12.7051 251.1289 0.0050
12.6908 251.4943 0.0050
12.6392 252.3723 0.0050
12.6040 252.9241 0.0050
12.5824 253.2923 0.0051
12.5555 253.8268 0.0051
12.5414 254.2065 0.0051
12.5321 254.4879 0.0051
12.5127 255.1103 0.0051
12.5044 255.3856 0.0051
12.4860 256.0161 0.0052
12.4783 256.2936 0.0052
12.4708 256.5728 0.0052
12.4613 256.9381 0.0052
12.4393 257.8114 0.0052
12.4255 258.3708 0.0053
12.4161 258.7558 0.0053
12.3944 259.6605 0.0053
12.3807 260.2314 0.0053
12.3714 260.6148 0.0054
12.3488 261.5343 0.0054
12.3337 262.1340 0.0054
12.3227 262.5667 0.0054
12.2974 263.5513 0.0055
12.2814 264.1744 0.0055
12.2706 264.5917 0.0055
12.2547 265.2037 0.0055
12.2444 265.6051 0.0056
12.2363 265.9177 0.0056
12.2175 266.6495 0.0056
12.2095 266.9611 0.0056
12.1912 267.6773 0.0056
12.1834 267.9816 0.0057
12.1752 268.3031 0.0057
12.1644 268.7292 0.0057
12.1395 269.7056 0.0057
12.1240 270.3160 0.0058
12.1129 270.7537 0.0058
12.0881 271.7287 0.0058
12.0726 272.3415 0.0058
12.0624 272.7409 0.0059
12.0366 273.7654 0.0059
12.0207 274.4109 0.0059
12.0032 275.1379 0.0060
11.9958 275.4469 0.0060
11.9855 275.8678 0.0060
11.9779 276.1776 0.0060
11.9608 276.8836 0.0060
11.9531 277.1998 0.0061
11.9455 277.5142 0.0061
11.9349 277.9479 0.0061
11.9109 278.9130 0.0061
11.8954 279.5268 0.0062
11.8849 279.9385 0.0062
11.8696 280.5358 0.0062
11.8591 280.9492 0.0062
11.8514 281.2508 0.0062
11.8335 281.9542 0.0063
11.8258 282.2553 0.0063
11.8179 282.5679 0.0063
11.8076 282.9757 0.0063
11.7925 283.5757 0.0063
11.7820 283.9904 0.0064
11.7581 284.9427 0.0064
11.7432 285.5385 0.0064
11.7333 285.9345 0.0064
11.7101 286.8568 0.0065
11.6953 287.4449 0.0065
11.6854 287.8402 0.0065
11.6621 288.7708 0.0066
11.6470 289.3726 0.0066
11.6371 289.7663 0.0066
11.6134 290.7102 0.0067
11.5981 291.3194 0.0067
11.5877 291.7369 0.0067
11.5724 292.3489 0.0067
11.5615 292.7814 0.0068
11.5534 293.1067 0.0068
11.5355 293.8238 0.0068
11.5275 294.1408 0.0068
11.5191 294.4771 0.0068
11.5080 294.9230 0.0068
11.4886 295.5673 0.0069
11.4702 295.9998 0.0069
11.4070 297.0312 0.0069
11.3634 297.6781 0.0070
11.3386 298.1159 0.0070
11.2866 299.1448 0.0070
11.2533 299.8024 0.0071
11.2313 300.2368 0.0071
11.1987 300.8767 0.0071
11.1760 301.3229 0.0071
11.1601 301.6342 0.0072
11.1276 302.3850 0.0072
11.1180 302.7060 0.0072
11.1055 303.4772 0.0073
11.1011 303.8047 0.0073
11.0937 304.1375 0.0073
11.0808 304.5853 0.0073
11.0494 305.5985 0.0074
11.0300 306.2343 0.0074
11.0167 306.6763 0.0074
10.9863 307.6899 0.0075
10.9675 308.3129 0.0075
10.9545 308.7379 0.0075
10.9237 309.7270 0.0076
10.9039 310.3612 0.0076
10.8903 310.7911 0.0076
10.8593 311.7688 0.0077
10.8391 312.4080 0.0077
10.8257 312.8339 0.0077
10.8060 313.4614 0.0077
10.7933 313.8748 0.0078
10.7841 314.1754 0.0078
10.7622 314.8951 0.0078
10.7526 315.2090 0.0078
10.7296 315.9518 0.0079
10.7194 316.2750 0.0079
10.7096 316.5847 0.0079
10.6957 317.0158 0.0079
10.6615 318.0497 0.0080
10.6383 318.7388 0.0080
10.6118 319.5140 0.0080
10.5866 320.2338 0.0081
10.5751 320.5587 0.0081
10.5505 321.2643 0.0081
10.5401 321.5610 0.0081
10.5291 321.8689 0.0082
10.5150 322.2555 0.0082
10.4931 322.8345 0.0082
10.4784 323.2171 0.0082
10.4498 324.0749 0.0083
10.4443 324.6130 0.0083
10.4485 324.9737 0.0083
10.4646 325.8408 0.0084
10.4680 326.3752 0.0084
10.4682 326.7554 0.0084
10.4687 327.6066 0.0084
10.4709 328.1448 0.0085
10.4762 328.5093 0.0085
10.5030 329.3639 0.0085
10.5332 329.8946 0.0086
10.5566 330.2624 0.0086
10.6041 331.1022 0.0086
10.6259 331.6375 0.0087
10.6433 332.0087 0.0087
10.6968 332.8386 0.0087
10.7473 333.3828 0.0087
10.7844 333.7406 0.0088
10.8352 334.2538 0.0088
10.8672 334.6125 0.0088
10.8895 334.8782 0.0088
10.9360 335.4912 0.0089
10.9560 335.7617 0.0089
11.0017 336.3827 0.0089
11.0226 336.6555 0.0089
11.0442 336.9153 0.0089
11.0770 337.2707 0.0090
11.1693 338.1019 0.0090
11.2408 338.6158 0.0090
11.2940 338.9935 0.0090
11.3999 339.7902 0.0091
11.4723 340.3063 0.0091
11.5287 340.6632 0.0091
11.6784 341.4679 0.0092
11.7853 341.9694 0.0092
11.8601 342.3114 0.0092
12.0303 343.1164 0.0093
12.1292 343.6291 0.0093
12.1915 343.9678 0.0093
12.2894 344.4853 0.0093
12.3625 344.8421 0.0094
12.4163 345.0935 0.0094
12.5411 345.6818 0.0094
12.5924 345.9378 0.0094
12.6397 346.1804 0.0094
12.7066 346.5269 0.0095
12.8611 347.3302 0.0095
12.9586 347.8384 0.0095
13.0287 348.2045 0.0095
13.1890 349.0431 0.0096
13.2950 349.5906 0.0096
13.3702 349.9611 0.0096
13.5667 350.8480 0.0097
13.7046 351.4106 0.0097
13.8036 351.7872 0.0097
14.0633 352.6783 0.0098
14.2372 353.2228 0.0098
14.3627 353.6039 0.0098
14.6423 354.4568 0.0099
14.8080 354.9924 0.0099
14.9214 355.3705 0.0099
15.1846 356.2530 0.0100
15.3779 356.8720 0.0100
15.6096 357.5608 0.0101
15.8219 358.1851 0.0101
15.9104 358.4510 0.0101
16.1127 359.0830 0.0102
16.1986 359.3542 0.0102
16.2851 359.6239 0.0102
16.4092 360.0029 0.0102
16.7034 360.8411 0.0103
16.9069 361.3740 0.0103
17.0520 361.7344 0.0103
17.2643 362.2555 0.0103
17.4046 362.6019 0.0104
17.5112 362.8726 0.0104
17.7412 363.4720 0.0104
17.8460 363.7413 0.0104
17.9550 364.0134 0.0104
18.0980 364.3588 0.0105
18.4533 365.1633 0.0105
18.7038 365.6874 0.0105
18.8754 366.0372 0.0106
18.9994 366.2895 0.0106
19.2849 366.8780 0.0106
19.4100 367.1308 0.0106
19.7078 367.7053 0.0107
19.8411 367.9497 0.0107
19.9808 368.2003 0.0107
20.1632 368.5269 0.0107
20.5804 369.2868 0.0108
20.8400 369.7783 0.0108
21.0089 370.1049 0.0108
21.2691 370.6102 0.0108
21.4369 370.9346 0.0109
21.5598 371.1681 0.0109
21.8743 371.7475 0.0109
22.0083 371.9857 0.0109
22.1498 372.2313 0.0109
22.3458 372.5614 0.0110
22.8111 373.3233 0.0110
23.1136 373.8214 0.0110
23.3062 374.1486 0.0110
23.5866 374.6334 0.0111
23.7724 374.9559 0.0111
23.9100 375.1948 0.0111
24.2401 375.7678 0.0111
24.3774 376.0061 0.0112
24.5163 376.2476 0.0112
24.7044 376.5749 0.0112
25.1536 377.3391 0.0112
25.4695 377.8489 0.0113
25.6777 378.1734 0.0113
26.0034 378.6635 0.0113
26.2235 378.9821 0.0113
26.3979 379.2277 0.0114
26.8113 379.7877 0.0114
26.9979 380.0308 0.0114
27.1826 380.2681 0.0114
27.4324 380.5869 0.0114
27.9924 381.3046 0.0115
28.3392 381.7629 0.0115
28.5689 382.0732 0.0115
28.9018 382.5255 0.0116
29.1422 382.8528 0.0116
29.3171 383.0912 0.0116
29.7023 383.6264 0.0116
29.8616 383.8559 0.0117
30.0266 384.0992 0.0117
30.2465 384.4335 0.0117
30.7399 385.1870 0.0117
31.0567 385.6536 0.0118
31.2717 385.9687 0.0118
31.5804 386.4212 0.0118
31.7911 386.7303 0.0118
31.9483 386.9607 0.0119
32.3112 387.4927 0.0119
32.4771 387.7357 0.0119
32.8501 388.2809 0.0119
33.0084 388.5122 0.0120
33.1711 388.7499 0.0120
33.3798 389.0612 0.0120
33.8676 389.8210 0.0120
34.1583 390.3034 0.0121
34.4350 390.7854 0.0121
34.5734 391.0296 0.0121
34.7947 391.4159 0.0121
34.9403 391.6673 0.0122
35.2860 392.2452 0.0122
35.4306 392.4836 0.0122
35.5805 392.7305 0.0122
35.7786 393.0614 0.0122
36.2206 393.8341 0.0123
36.4945 394.3191 0.0123
36.6713 394.6241 0.0124
36.9630 395.1218 0.0124
37.1594 395.4553 0.0124
37.2967 395.6885 0.0124
37.6275 396.2492 0.0125
37.7674 396.4916 0.0125
37.9017 396.7281 0.0125
38.0855 397.0622 0.0125
38.4883 397.8341 0.0126
38.7405 398.3237 0.0126
38.9167 398.6557 0.0126
39.1770 399.1377 0.0126
39.3502 399.4554 0.0127
39.4806 399.6990 0.0127
39.7744 400.2697 0.0127
39.8989 400.5222 0.0127
40.0186 400.7728 0.0128
40.1706 401.0972 0.0128
40.5410 401.8771 0.0128
40.7793 402.3553 0.0129
40.9411 402.6811 0.0129
41.3007 403.4539 0.0129
41.5153 403.9529 0.0130
41.6564 404.3014 0.0130
41.8484 404.7972 0.0130
41.9784 405.1315 0.0130
42.0784 405.3845 0.0131
42.3160 405.9660 0.0131
42.4195 406.2189 0.0131
42.5196 406.4707 0.0131
42.6450 406.7969 0.0132
42.9349 407.5784 0.0132
43.1252 408.0716 0.0132
43.2558 408.3992 0.0133
43.4515 408.8870 0.0133
43.5798 409.2057 0.0133
43.6782 409.4513 0.0133
43.9012 410.0354 0.0134
43.9889 410.2773 0.0134
44.0751 410.5233 0.0134
44.1901 410.8638 0.0134
44.4377 411.6551 0.0135
44.5927 412.1531 0.0135
44.7012 412.4875 0.0135
44.9471 413.2661 0.0136
45.0916 413.7672 0.0136
45.1805 414.1001 0.0136
45.3046 414.6054 0.0137
45.3777 414.9333 0.0137
45.4276 415.1753 0.0137
45.5409 415.7740 0.0138
45.5854 416.0162 0.0138
45.6319 416.2662 0.0138
45.6922 416.5855 0.0138
45.7904 417.0868 0.0138
45.8593 417.4143 0.0139
46.0156 418.1827 0.0139
46.1069 418.6871 0.0140
46.1589 419.0085 0.0140
46.2346 419.5029 0.0140
46.2882 419.8335 0.0140
46.3303 420.0797 0.0140
46.4366 420.6569 0.0141
46.4838 420.9046 0.0141
46.5314 421.1526 0.0141
46.5934 421.4757 0.0141
46.7295 422.2465 0.0142
46.7674 422.4958 0.0142
46.8037 422.7560 0.0142
46.8483 423.0915 0.0142
46.9145 423.5710 0.0143
46.9743 423.9655 0.0143
47.0194 424.2661 0.0143
47.0545 424.5187 0.0143
47.1262 425.1011 0.0144
47.1723 425.5520 0.0144
47.2150 426.1233 0.0145
47.2277 426.3692 0.0145
47.2388 426.6834 0.0145
47.2448 427.4361 0.0145
47.2431 427.6788 0.0146
47.2415 427.9292 0.0146
47.2400 428.2787 0.0146
47.2402 428.7474 0.0146
47.2444 429.0661 0.0147
47.2496 429.3014 0.0147
47.2599 429.8467 0.0147
47.2630 430.0826 0.0147
47.2728 430.6249 0.0148
47.2794 430.8579 0.0148
47.2869 431.0938 0.0148
47.2974 431.4086 0.0148
47.3234 432.1608 0.0149
47.3399 432.6346 0.0149
47.3514 432.9606 0.0149
47.3794 433.7388 0.0150
47.3976 434.2344 0.0150
47.4094 434.5944 0.0150
47.4205 435.3968 0.0151
47.4163 435.9253 0.0151
47.4086 436.2807 0.0151
47.3891 437.1273 0.0152
47.3819 437.6584 0.0152
47.3802 438.0119 0.0153
47.3783 438.8437 0.0153
47.3774 439.3581 0.0154
47.3768 439.7399 0.0154
47.3641 440.5725 0.0154
47.3413 441.1073 0.0155
47.3251 441.4593 0.0155
47.2951 442.2951 0.0156
47.2820 442.8457 0.0156
47.2740 443.2053 0.0156
47.2470 444.0770 0.0157
47.2178 444.6348 0.0157
47.1926 445.0265 0.0157
47.1374 445.9131 0.0158
47.1100 446.4828 0.0158
47.0926 446.8671 0.0159
47.0526 447.7557 0.0159
47.0279 448.3050 0.0160
47.0104 448.6953 0.0160
46.9707 449.5755 0.0161
46.9455 450.1348 0.0161
46.9297 450.5216 0.0161
46.9038 451.4637 0.0162
46.9003 452.0691 0.0162
46.8987 452.4844 0.0163
46.8909 453.0760 0.0163
46.8830 453.4632 0.0163
46.8766 453.7567 0.0164
46.8614 454.4535 0.0164
46.8551 454.7435 0.0164
46.8401 455.4310 0.0165
46.8338 455.7180 0.0165
46.8274 456.0083 0.0165
46.8187 456.4002 0.0166
46.7973 457.3452 0.0166
46.7907 457.6322 0.0166
46.7839 457.9280 0.0167
46.7741 458.3458 0.0167
46.7509 459.3325 0.0168
46.7361 459.9533 0.0168
46.7259 460.3797 0.0168
46.7020 461.3753 0.0169
46.6868 462.0118 0.0170
46.6738 462.5563 0.0170
46.6589 463.1796 0.0170
46.6447 463.7717 0.0171
46.6182 464.8802 0.0172
46.6037 465.4898 0.0172
46.5842 466.3005 0.0173
46.5645 467.1220 0.0173
46.5491 467.7659 0.0174
46.5296 468.5752 0.0174
46.5092 469.4193 0.0175
46.4930 470.0870 0.0175
46.4724 470.9382 0.0176
46.4515 471.7995 0.0177
46.4350 472.4744 0.0177
46.4140 473.3348 0.0178
46.3929 474.2032 0.0179
46.3760 474.8963 0.0179
46.3543 475.7881 0.0180
46.3330 476.6602 0.0180
46.3163 477.3444 0.0181
46.2952 478.2044 0.0181
46.2741 479.0627 0.0182
46.2572 479.7519 0.0183
46.2362 480.6053 0.0183
46.2149 481.4671 0.0184
46.1980 482.1530 0.0184
46.1764 483.0296 0.0185
46.1547 483.9061 0.0186
46.1382 484.5745 0.0186
46.1168 485.4393 0.0187
46.0957 486.2957 0.0188
46.0794 486.9547 0.0188
46.0588 487.7853 0.0189
46.0377 488.6423 0.0189
46.0212 489.3107 0.0190
46.0001 490.1644 0.0191
45.9789 491.0264 0.0191
45.9626 491.6860 0.0192
45.9418 492.5166 0.0192
45.9206 493.3449 0.0193
45.9049 493.9529 0.0194
45.8849 494.7507 0.0194
45.8651 495.5335 0.0195
45.8498 496.1431 0.0195
45.8302 496.9195 0.0196
45.8103 497.7101 0.0196
45.7947 498.3306 0.0197
45.7758 499.0851 0.0197
45.7481 499.8884 0.0198
45.7137 500.4938 0.0199
45.6669 501.2725 0.0199
45.6294 502.0568 0.0200
45.6022 502.6696 0.0200
45.5677 503.4426 0.0201
45.5330 504.2127 0.0202
45.5060 504.8124 0.0202
45.4724 505.5591 0.0203
45.4572 505.8992 0.0203
45.4371 506.3498 0.0203
45.3859 507.4055 0.0204
45.3650 507.7358 0.0204
45.3405 508.0661 0.0205
45.3025 508.5073 0.0205
45.1878 509.5505 0.0206
45.1077 510.1749 0.0206
45.0502 510.6234 0.0207
44.9243 511.6688 0.0207
44.8487 512.3629 0.0208
44.7869 512.9351 0.0208
44.7462 513.3102 0.0209
44.6668 514.0431 0.0209
44.6032 514.6328 0.0210
44.5207 515.4032 0.0210
44.4405 516.1583 0.0211
44.3806 516.7276 0.0211
44.3042 517.4562 0.0212
44.2252 518.2123 0.0213
44.1640 518.7997 0.0213
44.0865 519.5411 0.0214
44.0122 520.2490 0.0214
43.9546 520.7965 0.0215
43.8845 521.4610 0.0215
43.8103 522.1187 0.0216
43.7334 522.6104 0.0216
43.6082 523.2390 0.0217
43.4653 523.8597 0.0217
43.3473 524.3497 0.0218
43.1981 524.9808 0.0218
43.1343 525.2540 0.0218
43.0433 525.6292 0.0219
42.8214 526.4653 0.0219
42.6695 526.9776 0.0220
42.5520 527.3555 0.0220
42.3008 528.1715 0.0221
42.1523 528.6761 0.0221
42.0513 529.0391 0.0221
41.8250 529.8710 0.0222
41.6866 530.3838 0.0223
41.5898 530.7439 0.0223
41.3713 531.5594 0.0224
41.2318 532.0810 0.0224
41.1323 532.4540 0.0224
40.8906 533.3315 0.0225
40.7330 533.8599 0.0225
40.6152 534.2344 0.0226
40.3165 535.1183 0.0226
40.1143 535.6726 0.0227
39.9722 536.0413 0.0227
39.6235 536.9026 0.0228
39.4012 537.4487 0.0228
39.2523 537.8183 0.0229
38.9160 538.6909 0.0229
38.7186 539.2137 0.0230
38.5723 539.6024 0.0230
38.2381 540.4832 0.0231
38.0239 541.0173 0.0231
37.8728 541.3766 0.0232
37.5006 542.2070 0.0232
37.2597 542.7364 0.0233
37.0980 543.1012 0.0233
36.7394 543.9343 0.0234
36.5183 544.4507 0.0234
36.3607 544.8049 0.0234
35.9724 545.6329 0.0235
35.7336 546.1323 0.0236
35.5603 546.5034 0.0236
35.1788 547.3388 0.0237
34.9468 547.8513 0.0237
34.7863 548.2061 0.0237
34.3967 549.0333 0.0238
34.1485 549.5279 0.0238
33.9691 549.8689 0.0239
33.5254 550.6569 0.0239
33.2373 551.1352 0.0240
33.0346 551.4652 0.0240
32.7291 551.9590 0.0240
32.3269 552.6048 0.0241
31.9538 553.1783 0.0241
31.7985 553.4060 0.0242
31.4137 553.9441 0.0242
31.2441 554.1705 0.0242
31.0757 554.3897 0.0242
30.8327 554.6986 0.0243
30.2812 555.3869 0.0243
29.9458 555.8091 0.0244
29.7103 556.1133 0.0244
29.1829 556.8093 0.0244
28.8547 557.2318 0.0245
28.6206 557.5230 0.0245
28.0710 558.1852 0.0246
27.7349 558.5956 0.0246
27.5044 558.8853 0.0246
26.9700 559.5649 0.0247
26.6334 559.9789 0.0247
26.3906 560.2678 0.0247
25.8213 560.9145 0.0248
25.4658 561.2955 0.0248
25.2122 561.5619 0.0248
24.6197 562.1871 0.0249
24.2633 562.5752 0.0249
24.0138 562.8416 0.0250
23.4207 563.4509 0.0250
23.0446 563.8329 0.0250
22.7816 564.1075 0.0251
22.1932 564.7342 0.0251
21.8341 565.1184 0.0251
21.5829 565.3874 0.0252
21.0091 566.0033 0.0252
20.6462 566.3905 0.0253
20.3931 566.6523 0.0253
19.7858 567.2547 0.0253
19.4074 567.6082 0.0254
19.1305 567.8557 0.0254
18.5008 568.3978 0.0254
18.1071 568.7367 0.0255
17.8388 568.9730 0.0255
17.2175 569.5093 0.0255
16.8215 569.8349 0.0256
16.5463 570.0544 0.0256
15.8923 570.5758 0.0256
15.5062 570.8965 0.0256
15.2309 571.1296 0.0257
14.6148 571.6534 0.0257
14.2366 571.9753 0.0257
13.9636 572.2082 0.0258
13.3536 572.7287 0.0258
12.9849 573.0438 0.0258
12.7274 573.2640 0.0259
12.1261 573.7779 0.0259
11.7462 574.1026 0.0259
11.4803 574.3300 0.0259
10.8726 574.8492 0.0260
10.5021 575.1658 0.0260
10.2473 575.3848 0.0260
9.6597 575.9043 0.0261
9.3082 576.2293 0.0261
9.0620 576.4654 0.0261
8.5010 577.0136 0.0262
8.1409 577.3590 0.0262
7.8964 577.5875 0.0262
7.5317 577.9256 0.0263
7.2811 578.1576 0.0263
7.1110 578.3163 0.0263
6.6323 578.7745 0.0263
6.4389 578.9653 0.0264
6.2366 579.1701 0.0264
5.8199 579.6069 0.0264
5.6545 579.7855 0.0264
5.4286 580.0317 0.0265
5.2678 580.2048 0.0265
4.8682 580.6262 0.0265
4.7014 580.8005 0.0265
4.5345 580.9778 0.0265
4.3052 581.2268 0.0266
3.7879 581.8188 0.0266
3.4852 582.1859 0.0267
3.2726 582.4528 0.0267
2.8057 583.0490 0.0267
2.5098 583.4176 0.0268
2.3075 583.6688 0.0268
1.8454 584.2638 0.0268
1.5722 584.6387 0.0269
1.3856 584.9073 0.0269
0.9692 585.5161 0.0270
0.6987 585.9004 0.0270
0.5034 586.1706 0.0270
0.0612 586.7661 0.0271
-0.2141 587.1323 0.0271
-0.4034 587.3832 0.0271
-0.8473 587.9720 0.0272
-1.1170 588.3379 0.0272
-1.3012 588.5956 0.0272
-1.7128 589.1984 0.0273
-1.9631 589.5851 0.0273
-2.1387 589.8584 0.0274
-2.5443 590.4771 0.0274
-2.7942 590.8500 0.0275
-2.9803 591.1320 0.0275
-3.3665 591.7461 0.0275
-3.5932 592.1284 0.0276
-3.7477 592.3993 0.0276
-4.1128 593.0334 0.0277
-4.3384 593.4124 0.0277
-4.5065 593.6861 0.0277
-4.8775 594.2968 0.0278
-5.0971 594.6772 0.0278
-5.2498 594.9528 0.0278
-5.5890 595.5845 0.0279
-5.8009 595.9699 0.0279
-5.9543 596.2407 0.0280
-6.3101 596.8595 0.0280
-6.5243 597.2413 0.0281
-6.6734 597.5162 0.0281
-6.9960 598.1417 0.0281
-7.1822 598.5318 0.0282
-7.3072 598.8083 0.0282
-7.5825 599.4701 0.0283
-7.7345 599.8775 0.0283
-7.8348 600.1678 0.0283
-8.0487 600.8300 0.0284
-8.1791 601.2444 0.0284
-8.2686 601.5233 0.0285
-8.4922 602.1925 0.0285
-8.6335 602.5935 0.0286
-8.7368 602.8730 0.0286
-8.9813 603.5182 0.0286
-9.1300 603.9059 0.0287
-9.2400 604.1909 0.0287
-9.4892 604.8341 0.0288
-9.6413 605.2260 0.0288
-9.7494 605.5037 0.0288
-10.0013 606.1512 0.0289
-10.1560 606.5486 0.0289
-10.2951 606.9062 0.0290
-10.4345 607.2655 0.0290
-10.5467 607.5552 0.0290
-10.6238 607.7544 0.0291
-10.8248 608.2747 0.0291
-10.9828 608.6842 0.0291
-11.0908 608.9638 0.0292
-11.2473 609.3694 0.0292
-11.3626 609.6677 0.0292
-11.4393 609.8660 0.0293
-11.5175 610.0683 0.0293
-11.6269 610.3508 0.0293
